/*********************************************
 * OPL 22.1.1.0 Data
 * Instance: tai75a
 * Clients: 75
 * Solution optimale connue: 1618.36
 *********************************************/
nbC = 75;
nbV = 10;
CapaMax = 1445;
DemandesCantines = [50, 50, 170, 297, 9, 630, 179, 179, 216, 4, 9, 154, 117, 63, 436, 905, 14, 3, 10, 166, 211, 8, 25, 139, 213, 758, 429, 5, 136, 501, 93, 21, 169, 22, 3, 271, 433, 3, 1079, 233, 11, 10, 78, 63, 4, 59, 8, 34, 234, 30, 40, 123, 7, 33, 369, 11, 23, 208, 4, 8, 36, 504, 16, 574, 19, 235, 445, 6, 43, 210, 268, 410, 124, 11, 1085];
Distance = [
    [0.000, 66.038, 92.455, 96.208, 60.208, 55.866, 78.102, 72.422, 55.471, 72.801, 80.709, 82.928, 24.000, 12.649, 21.024, 29.155, 23.022, 19.105, 27.313, 33.242, 7.616, 29.833, 7.280, 23.537, 32.388, 28.653, 16.492, 29.411, 7.000, 77.201, 68.352, 73.498, 92.228, 66.491, 94.641, 76.322, 66.121, 87.573, 73.437, 81.006, 85.440, 90.521, 80.006, 75.240, 70.064, 67.676, 66.189, 72.691, 89.051, 86.052, 57.706, 42.190, 47.927, 21.840, 49.163, 68.359, 43.417, 69.065, 49.820, 70.605, 57.428, 69.836, 39.395, 56.036, 67.000, 22.023, 26.249, 38.210, 73.082, 48.083, 63.246, 70.235, 72.180, 70.725, 80.112, 95.854],
    [66.038, 0.000, 37.054, 36.401, 18.868, 16.492, 25.710, 7.616, 10.770, 9.220, 14.866, 35.440, 57.070, 56.859, 48.795, 90.824, 45.880, 47.413, 67.742, 79.762, 70.661, 75.954, 59.076, 84.504, 61.074, 83.678, 72.835, 73.824, 60.216, 114.180, 104.043, 112.272, 132.503, 108.462, 129.522, 121.334, 113.600, 130.384, 118.186, 128.378, 121.297, 125.877, 115.248, 120.830, 117.618, 104.676, 113.146, 116.469, 134.852, 132.098, 103.310, 60.407, 108.931, 83.546, 98.793, 114.061, 102.069, 119.570, 106.212, 109.444, 104.235, 98.489, 101.119, 107.912, 116.362, 66.843, 63.246, 69.778, 110.680, 91.241, 126.621, 136.191, 137.000, 136.752, 129.016, 144.031],
    [92.455, 37.054, 0.000, 8.246, 32.450, 37.590, 14.422, 30.017, 42.720, 28.000, 28.460, 12.369, 75.286, 80.722, 80.062, 111.041, 69.527, 73.600, 83.487, 94.154, 94.795, 91.269, 86.608, 105.119, 74.626, 101.257, 103.247, 89.045, 88.233, 150.373, 140.186, 148.223, 168.576, 143.892, 166.111, 156.541, 148.189, 166.087, 153.379, 163.273, 157.709, 162.388, 151.634, 155.926, 152.279, 140.684, 147.828, 151.789, 170.135, 167.299, 137.993, 96.540, 139.230, 112.894, 132.503, 149.000, 133.255, 153.629, 138.311, 145.331, 138.716, 135.148, 130.920, 141.365, 150.615, 99.282, 96.773, 104.995, 146.741, 125.936, 155.602, 159.452, 164.542, 161.276, 136.682, 149.907],
    [96.208, 36.401, 8.246, 0.000, 36.069, 40.460, 18.868, 28.862, 43.829, 27.203, 25.020, 20.025, 80.449, 84.900, 82.377, 116.250, 73.553, 77.156, 89.185, 100.185, 99.086, 97.129, 90.028, 110.209, 80.529, 106.850, 106.019, 94.895, 91.548, 150.572, 140.428, 148.627, 168.885, 144.669, 165.895, 157.471, 149.466, 166.688, 154.315, 164.396, 157.696, 162.265, 151.648, 156.924, 153.522, 141.039, 149.054, 152.643, 171.026, 168.241, 139.205, 96.768, 142.201, 116.039, 134.183, 150.083, 135.915, 155.184, 140.663, 145.784, 140.036, 134.852, 134.015, 143.178, 152.069, 101.356, 98.412, 105.849, 147.054, 127.122, 159.022, 164.295, 168.386, 165.849, 143.840, 157.290],
    [60.208, 18.868, 32.450, 36.069, 0.000, 6.000, 18.028, 19.235, 15.232, 18.028, 27.000, 24.739, 45.177, 48.836, 47.927, 80.777, 37.483, 41.231, 54.781, 66.408, 63.032, 62.968, 54.203, 74.626, 46.840, 72.014, 70.831, 60.745, 55.803, 120.354, 110.168, 117.886, 138.279, 113.031, 136.719, 125.419, 116.692, 135.366, 122.262, 131.898, 128.004, 132.850, 121.926, 124.724, 120.806, 110.476, 116.387, 120.785, 139.014, 136.125, 106.607, 67.119, 106.780, 80.449, 100.658, 117.720, 100.846, 121.840, 106.005, 114.935, 107.205, 106.170, 98.473, 109.385, 118.929, 67.231, 65.146, 74.330, 116.559, 94.641, 123.227, 128.406, 132.382, 129.835, 113.635, 128.191],
    [55.866, 16.492, 37.590, 40.460, 6.000, 0.000, 23.259, 19.235, 10.000, 18.682, 27.659, 30.594, 42.720, 45.000, 42.485, 77.827, 33.601, 36.770, 52.887, 64.761, 59.203, 61.131, 49.578, 71.589, 45.541, 69.642, 65.734, 58.941, 51.088, 114.425, 104.235, 111.987, 132.382, 107.201, 130.752, 119.641, 111.000, 129.522, 116.482, 126.178, 122.053, 126.890, 115.974, 118.962, 115.109, 104.561, 110.680, 114.983, 133.240, 130.361, 100.881, 61.131, 101.833, 75.604, 95.079, 111.973, 95.718, 116.245, 100.722, 109.041, 101.514, 100.180, 93.600, 103.870, 113.296, 61.741, 59.464, 68.447, 110.644, 88.888, 118.562, 124.852, 128.004, 126.036, 113.159, 128.004],
    [78.102, 25.710, 14.422, 18.868, 18.028, 23.259, 0.000, 20.125, 29.275, 17.889, 22.672, 9.849, 61.612, 66.483, 65.742, 97.417, 55.227, 59.203, 70.328, 81.394, 80.610, 78.294, 72.201, 91.400, 61.717, 87.983, 88.837, 76.059, 73.817, 136.894, 126.696, 134.618, 155.003, 130.081, 152.895, 142.636, 134.134, 152.345, 139.474, 149.272, 144.361, 149.111, 138.279, 141.989, 138.235, 127.122, 133.795, 137.928, 156.237, 153.379, 123.976, 83.187, 124.808, 98.473, 118.309, 135.030, 118.849, 139.463, 123.944, 131.700, 124.652, 122.053, 116.499, 127.122, 136.488, 85.000, 82.638, 91.214, 133.195, 111.946, 141.209, 145.578, 150.233, 147.248, 125.929, 139.743],
    [72.422, 7.616, 30.017, 28.862, 19.235, 19.235, 20.125, 0.000, 17.029, 2.236, 8.544, 29.967, 61.685, 62.650, 55.902, 96.255, 51.430, 53.535, 72.035, 83.952, 76.662, 80.281, 65.605, 89.961, 64.777, 88.544, 79.931, 78.102, 66.843, 121.758, 111.629, 119.871, 140.089, 116.078, 137.033, 128.950, 121.198, 137.993, 125.801, 135.989, 128.845, 133.405, 122.801, 128.445, 125.220, 112.272, 120.748, 124.085, 142.468, 139.714, 110.910, 68.007, 116.103, 90.521, 106.330, 121.672, 109.343, 127.142, 113.600, 117.047, 111.826, 105.991, 108.208, 115.434, 123.944, 74.202, 70.725, 77.389, 118.271, 98.838, 133.645, 142.359, 143.837, 143.126, 132.306, 147.054],
    [55.471, 10.770, 42.720, 43.829, 15.232, 10.000, 29.275, 17.029, 0.000, 17.692, 25.239, 38.000, 46.530, 46.098, 39.051, 80.056, 35.114, 36.715, 57.315, 69.354, 59.942, 65.490, 48.600, 73.736, 51.010, 73.007, 63.032, 63.388, 49.820, 107.708, 97.514, 105.513, 125.877, 101.193, 123.628, 113.886, 105.702, 123.369, 110.725, 120.702, 115.122, 119.854, 109.041, 113.296, 109.772, 97.985, 105.309, 109.110, 127.472, 124.652, 95.462, 53.935, 99.247, 73.539, 90.355, 106.405, 92.617, 111.360, 97.082, 102.616, 96.255, 92.779, 91.285, 99.363, 108.259, 57.689, 54.589, 62.298, 104.048, 83.385, 116.675, 125.539, 126.811, 126.194, 119.017, 134.183],
    [72.801, 9.220, 28.000, 27.203, 18.028, 18.682, 17.889, 2.236, 17.692, 0.000, 9.055, 27.731, 61.351, 62.769, 56.727, 96.177, 51.478, 53.824, 71.568, 83.433, 76.851, 79.812, 66.068, 89.900, 64.133, 88.255, 80.722, 77.621, 67.357, 123.369, 113.225, 121.433, 141.683, 117.546, 138.741, 130.388, 122.540, 139.517, 127.236, 137.383, 130.507, 135.093, 124.455, 129.865, 126.574, 113.842, 122.102, 125.539, 143.924, 141.156, 112.259, 69.570, 116.932, 91.220, 107.541, 123.065, 110.259, 128.413, 114.621, 118.596, 113.146, 107.708, 108.977, 116.619, 125.240, 75.213, 71.868, 78.791, 119.854, 100.180, 134.358, 142.580, 144.423, 143.450, 131.461, 146.123],
    [80.709, 14.866, 28.460, 25.020, 27.000, 27.659, 22.672, 8.544, 25.239, 9.055, 0.000, 31.890, 70.214, 71.120, 63.655, 104.785, 59.933, 61.911, 80.523, 92.418, 85.088, 88.769, 73.817, 98.489, 73.164, 97.082, 87.693, 86.585, 75.000, 127.224, 117.175, 125.539, 145.602, 122.102, 142.046, 135.059, 127.632, 143.781, 131.928, 142.239, 134.082, 138.521, 128.082, 134.614, 131.609, 117.924, 127.142, 130.146, 148.499, 145.798, 117.337, 73.824, 123.762, 98.412, 113.159, 127.941, 116.846, 133.776, 120.880, 122.772, 118.338, 111.018, 115.974, 122.319, 130.511, 81.566, 77.801, 83.726, 123.859, 105.309, 141.485, 150.748, 151.855, 151.433, 140.513, 155.158],
    [82.928, 35.440, 12.369, 20.025, 24.739, 30.594, 9.849, 29.967, 38.000, 27.731, 31.890, 0.000, 64.351, 70.803, 72.450, 99.905, 59.908, 64.498, 72.007, 82.377, 84.646, 79.630, 77.524, 94.112, 63.008, 89.811, 94.810, 77.421, 79.259, 145.000, 134.807, 142.580, 162.975, 137.768, 161.245, 150.153, 141.382, 160.100, 146.997, 156.605, 152.594, 157.407, 146.513, 149.452, 145.499, 135.148, 141.089, 145.523, 163.747, 160.854, 131.320, 91.548, 130.361, 103.942, 125.252, 142.443, 124.780, 146.441, 130.188, 139.635, 131.898, 130.553, 121.939, 133.899, 143.569, 91.761, 89.844, 99.040, 141.230, 119.369, 146.168, 148.553, 154.625, 150.629, 124.326, 137.539],
    [24.000, 57.070, 75.286, 80.449, 45.177, 42.720, 61.612, 61.685, 46.530, 61.351, 70.214, 64.351, 0.000, 12.649, 31.145, 35.805, 13.928, 17.804, 11.045, 23.000, 22.136, 19.026, 23.087, 29.833, 9.434, 26.926, 40.200, 17.000, 25.000, 100.439, 91.214, 96.881, 115.974, 90.094, 117.903, 100.245, 90.089, 111.450, 97.329, 105.005, 108.683, 113.780, 103.078, 99.182, 94.048, 90.708, 90.139, 96.519, 113.040, 110.041, 81.498, 58.412, 70.605, 45.398, 73.110, 92.266, 66.910, 93.048, 73.553, 93.941, 81.302, 91.548, 62.097, 80.025, 91.000, 43.324, 45.618, 58.138, 96.317, 71.386, 84.095, 84.220, 91.269, 86.313, 73.553, 89.107],
    [12.649, 56.859, 80.722, 84.900, 48.836, 45.000, 66.483, 62.650, 46.098, 62.769, 71.120, 70.803, 12.649, 0.000, 20.248, 34.205, 11.402, 10.050, 19.849, 29.547, 14.213, 25.495, 10.440, 27.893, 21.932, 29.069, 28.000, 24.187, 12.369, 87.864, 78.588, 84.345, 103.586, 77.647, 105.323, 88.051, 78.000, 99.182, 85.094, 93.048, 96.104, 101.203, 90.471, 87.023, 82.006, 78.102, 78.006, 84.214, 101.005, 98.005, 69.181, 46.690, 60.539, 34.482, 61.000, 80.056, 56.045, 81.302, 62.370, 81.394, 69.065, 78.924, 52.000, 68.264, 79.101, 30.676, 33.121, 45.651, 83.744, 58.856, 75.472, 79.881, 83.869, 81.056, 79.812, 95.603],
    [21.024, 48.795, 80.062, 82.377, 47.927, 42.485, 65.742, 55.902, 39.051, 56.727, 63.655, 72.450, 31.145, 20.248, 0.000, 50.040, 19.698, 13.892, 40.000, 49.649, 28.071, 45.651, 14.036, 44.181, 40.460, 47.802, 24.042, 44.418, 14.036, 75.007, 65.069, 72.028, 92.195, 66.370, 92.136, 78.262, 69.123, 88.685, 75.133, 84.404, 83.054, 88.091, 77.104, 77.466, 73.246, 65.008, 68.884, 73.824, 91.782, 88.843, 59.228, 27.459, 60.208, 34.828, 52.811, 70.406, 53.600, 74.000, 58.310, 69.029, 59.666, 63.348, 52.326, 61.465, 71.169, 19.313, 18.028, 29.428, 71.000, 47.518, 77.833, 89.694, 88.408, 89.443, 99.298, 115.109],
    [29.155, 90.824, 111.041, 116.250, 80.777, 77.827, 97.417, 96.255, 80.056, 96.177, 104.785, 99.905, 35.805, 34.205, 50.040, 0.000, 44.944, 44.147, 28.425, 21.840, 22.000, 22.361, 36.014, 6.325, 37.643, 11.705, 38.079, 24.187, 36.125, 92.358, 85.428, 88.204, 103.788, 80.455, 108.908, 86.816, 76.485, 98.087, 84.528, 89.196, 100.170, 104.957, 95.692, 85.493, 79.706, 84.202, 76.922, 84.534, 97.406, 94.578, 71.021, 69.642, 48.052, 33.242, 61.587, 79.605, 48.466, 76.551, 55.714, 85.703, 69.971, 89.805, 41.110, 64.885, 75.769, 47.424, 52.924, 63.135, 88.482, 65.192, 55.444, 48.836, 59.464, 51.614, 53.254, 68.600],
    [23.022, 45.880, 69.527, 73.553, 37.483, 33.601, 55.227, 51.430, 35.114, 51.478, 59.933, 59.908, 13.928, 11.402, 19.698, 44.944, 0.000, 6.083, 24.739, 36.346, 25.612, 32.249, 18.028, 38.626, 22.204, 38.328, 36.139, 30.414, 19.925, 93.434, 83.726, 90.200, 110.018, 84.006, 110.766, 95.189, 85.475, 106.042, 92.136, 100.717, 101.597, 106.677, 95.755, 94.260, 89.560, 83.487, 85.376, 91.049, 108.462, 105.475, 76.105, 47.011, 70.661, 44.283, 68.593, 87.207, 65.552, 89.443, 71.470, 87.207, 76.236, 82.710, 62.177, 76.485, 86.977, 36.014, 36.674, 48.765, 89.359, 65.008, 86.267, 91.263, 95.016, 92.455, 87.132, 102.772],
    [19.105, 47.413, 73.600, 77.156, 41.231, 36.770, 59.203, 53.535, 36.715, 53.824, 61.911, 64.498, 17.804, 10.050, 13.892, 44.147, 6.083, 0.000, 27.731, 38.601, 23.259, 34.482, 13.038, 37.855, 26.870, 39.013, 30.676, 32.894, 14.765, 87.367, 77.647, 84.149, 104.005, 78.000, 104.690, 89.275, 79.630, 100.080, 86.209, 94.895, 95.525, 100.603, 89.677, 88.363, 83.726, 77.414, 79.511, 85.094, 102.591, 99.609, 70.178, 41.340, 65.863, 39.446, 62.801, 81.302, 60.415, 83.744, 66.129, 81.154, 70.349, 76.655, 57.454, 70.831, 81.216, 30.000, 30.594, 42.720, 83.295, 59.000, 82.006, 88.837, 91.241, 89.627, 89.269, 105.019],
    [27.313, 67.742, 83.487, 89.185, 54.781, 52.887, 70.328, 72.035, 57.315, 71.568, 80.523, 72.007, 11.045, 19.849, 40.000, 28.425, 24.739, 27.731, 0.000, 12.042, 22.361, 8.246, 29.206, 23.324, 9.220, 17.804, 43.658, 6.083, 30.806, 104.355, 95.635, 100.578, 118.878, 93.408, 121.758, 102.591, 92.228, 113.952, 99.825, 106.677, 112.579, 117.644, 107.224, 101.435, 96.026, 94.921, 92.396, 99.247, 114.856, 111.879, 84.404, 66.468, 69.462, 46.271, 75.505, 94.726, 67.000, 94.340, 74.027, 97.719, 83.952, 97.062, 61.205, 81.498, 92.655, 48.877, 52.202, 64.637, 100.245, 75.273, 80.957, 77.233, 86.764, 80.000, 62.514, 78.090],
    [33.242, 79.762, 94.154, 100.185, 66.408, 64.761, 81.394, 83.952, 69.354, 83.433, 92.418, 82.377, 23.000, 29.547, 49.649, 21.840, 36.346, 38.601, 12.042, 0.000, 26.401, 4.123, 37.202, 19.000, 19.698, 10.198, 48.260, 6.000, 38.419, 107.838, 99.765, 103.870, 121.116, 96.385, 125.004, 104.403, 93.963, 115.802, 101.833, 107.708, 115.953, 120.934, 110.923, 103.160, 97.529, 98.838, 94.255, 101.514, 115.953, 113.031, 87.092, 74.813, 68.118, 48.104, 77.833, 96.768, 67.082, 95.126, 74.330, 101.134, 86.377, 102.343, 60.407, 82.710, 93.862, 55.227, 59.414, 71.449, 103.788, 79.177, 77.104, 69.065, 81.271, 72.560, 50.804, 66.491],
    [7.616, 70.661, 94.795, 99.086, 63.032, 59.203, 80.610, 76.662, 59.942, 76.851, 85.088, 84.646, 22.136, 14.213, 28.071, 22.000, 25.612, 23.259, 22.361, 26.401, 0.000, 23.324, 14.036, 16.125, 29.069, 21.095, 21.954, 23.259, 14.318, 82.280, 73.824, 78.435, 96.540, 71.169, 99.624, 80.231, 69.871, 91.591, 77.466, 84.380, 90.477, 95.520, 85.235, 79.076, 73.682, 73.007, 70.036, 76.903, 92.542, 89.560, 62.097, 49.739, 48.508, 24.021, 53.151, 72.367, 45.177, 72.111, 52.038, 75.611, 61.612, 76.007, 40.025, 59.211, 70.349, 29.000, 33.601, 45.277, 78.186, 53.310, 62.177, 65.734, 70.000, 66.843, 72.498, 88.238],
    [29.833, 75.954, 91.269, 97.129, 62.968, 61.131, 78.294, 80.281, 65.490, 79.812, 88.769, 79.630, 19.026, 25.495, 45.651, 22.361, 32.249, 34.482, 8.246, 4.123, 23.324, 0.000, 33.422, 18.439, 16.643, 10.817, 45.277, 2.236, 34.713, 105.309, 97.046, 101.390, 118.962, 93.984, 122.560, 102.357, 91.924, 113.759, 99.725, 105.906, 113.464, 118.474, 108.337, 101.139, 95.567, 96.177, 92.179, 99.328, 114.140, 111.198, 84.758, 71.063, 67.000, 45.880, 75.584, 94.641, 65.490, 93.381, 72.691, 98.615, 84.119, 99.323, 59.076, 80.808, 91.984, 51.856, 55.866, 68.015, 101.237, 76.485, 76.903, 70.605, 81.707, 73.783, 54.918, 70.612],
    [7.280, 59.076, 86.608, 90.028, 54.203, 49.578, 72.201, 65.605, 48.600, 66.068, 73.817, 77.524, 23.087, 10.440, 14.036, 36.014, 18.028, 13.038, 29.206, 37.202, 14.036, 33.422, 0.000, 30.150, 32.311, 34.176, 18.248, 32.558, 2.000, 77.466, 68.154, 73.980, 93.343, 67.365, 94.921, 78.000, 68.066, 89.051, 75.007, 83.217, 85.703, 90.802, 80.050, 77.006, 72.111, 67.683, 68.029, 74.061, 91.088, 88.091, 59.034, 37.643, 52.839, 26.420, 51.088, 70.000, 47.539, 71.701, 53.451, 71.021, 59.000, 68.542, 44.418, 58.694, 69.354, 20.248, 23.022, 35.511, 73.348, 48.508, 69.029, 77.369, 78.492, 77.698, 85.796, 101.592],
    [23.537, 84.504, 105.119, 110.209, 74.626, 71.589, 91.400, 89.961, 73.736, 89.900, 98.489, 94.112, 29.833, 27.893, 44.181, 6.325, 38.626, 37.855, 23.324, 19.000, 16.125, 18.439, 30.150, 0.000, 32.450, 9.220, 34.205, 19.925, 30.414, 90.918, 83.487, 86.833, 103.247, 79.177, 107.782, 86.377, 75.961, 97.739, 83.934, 89.286, 98.884, 103.769, 94.154, 85.094, 79.379, 82.377, 76.322, 83.774, 97.529, 94.641, 69.771, 64.885, 49.163, 31.064, 60.374, 78.924, 48.508, 76.655, 55.785, 84.220, 68.877, 87.207, 41.593, 64.514, 75.584, 43.046, 48.301, 59.076, 86.954, 63.008, 58.464, 54.452, 63.561, 56.851, 57.306, 72.897],
    [32.388, 61.074, 74.626, 80.529, 46.840, 45.541, 61.717, 64.777, 51.010, 64.133, 73.164, 63.008, 9.434, 21.932, 40.460, 37.643, 22.204, 26.870, 9.220, 19.698, 29.069, 16.643, 32.311, 32.450, 0.000, 26.907, 48.836, 14.422, 34.176, 109.385, 100.285, 105.759, 124.615, 98.843, 126.846, 108.665, 98.412, 119.942, 105.802, 113.159, 117.631, 122.723, 112.089, 107.564, 102.313, 99.725, 98.509, 105.076, 121.264, 118.271, 90.094, 67.801, 77.279, 53.009, 81.498, 100.717, 74.243, 101.020, 81.099, 102.840, 89.805, 100.846, 68.884, 88.051, 99.126, 52.555, 55.009, 67.535, 105.262, 80.281, 89.538, 86.452, 95.713, 89.202, 68.007, 83.217],
    [28.653, 83.678, 101.257, 106.850, 72.014, 69.642, 87.983, 88.544, 73.007, 88.255, 97.082, 89.811, 26.926, 29.069, 47.802, 11.705, 38.328, 39.013, 17.804, 10.198, 21.095, 10.817, 34.176, 9.220, 26.907, 0.000, 41.725, 12.806, 34.928, 99.765, 92.114, 95.713, 112.361, 88.102, 116.730, 95.520, 85.094, 106.892, 93.048, 98.494, 107.782, 112.699, 102.956, 94.244, 88.544, 91.066, 85.440, 92.849, 106.738, 103.846, 78.721, 70.831, 58.310, 39.825, 69.354, 88.023, 57.723, 85.866, 65.000, 93.059, 77.878, 95.425, 50.804, 73.682, 84.770, 49.820, 54.644, 66.068, 95.771, 71.561, 66.910, 59.816, 71.169, 62.968, 51.624, 67.417],
    [16.492, 72.835, 103.247, 106.019, 70.831, 65.734, 88.837, 79.931, 63.032, 80.722, 87.693, 94.810, 40.200, 28.000, 24.042, 38.079, 36.139, 30.676, 43.658, 48.260, 21.954, 45.277, 18.248, 34.205, 48.836, 41.725, 0.000, 45.177, 16.279, 60.729, 52.000, 57.009, 75.802, 50.010, 78.160, 60.075, 50.000, 71.253, 57.140, 65.069, 68.964, 74.041, 63.569, 59.034, 54.009, 51.264, 50.010, 56.321, 73.007, 70.007, 41.304, 32.558, 36.235, 11.180, 33.000, 52.086, 30.017, 53.460, 35.468, 54.120, 41.110, 54.083, 28.284, 40.447, 51.157, 10.050, 16.031, 25.060, 56.613, 31.623, 53.814, 68.154, 64.637, 67.067, 91.269, 106.677],
    [29.411, 73.824, 89.045, 94.895, 60.745, 58.941, 76.059, 78.102, 63.388, 77.621, 86.585, 77.421, 17.000, 24.187, 44.418, 24.187, 30.414, 32.894, 6.083, 6.000, 23.259, 2.236, 32.558, 19.925, 14.422, 12.806, 45.177, 0.000, 33.941, 105.475, 97.082, 101.592, 119.369, 94.244, 122.776, 102.840, 92.418, 114.237, 100.170, 106.532, 113.653, 118.680, 108.462, 101.637, 96.104, 96.255, 92.650, 99.725, 114.756, 111.803, 85.071, 70.178, 68.029, 46.325, 75.961, 95.079, 66.272, 94.048, 73.437, 98.793, 84.481, 99.126, 60.008, 81.394, 92.574, 51.400, 55.227, 67.476, 101.390, 76.557, 78.339, 72.622, 83.385, 75.717, 56.719, 72.367],
    [7.000, 60.216, 88.233, 91.548, 55.803, 51.088, 73.817, 66.843, 49.820, 67.357, 75.000, 79.259, 25.000, 12.369, 14.036, 36.125, 19.925, 14.765, 30.806, 38.419, 14.318, 34.713, 2.000, 30.414, 34.176, 34.928, 16.279, 33.941, 0.000, 75.505, 66.219, 72.007, 91.351, 65.376, 92.962, 76.000, 66.068, 87.052, 73.007, 81.222, 83.744, 88.843, 78.102, 75.007, 70.114, 65.734, 66.030, 72.062, 89.090, 86.093, 57.035, 36.401, 51.108, 24.698, 49.092, 68.000, 45.695, 69.721, 51.546, 69.051, 57.000, 66.708, 42.720, 56.719, 67.365, 18.385, 21.401, 33.838, 71.386, 46.530, 67.476, 76.485, 77.104, 76.662, 86.539, 102.318],
    [77.201, 114.180, 150.373, 150.572, 120.354, 114.425, 136.894, 121.758, 107.708, 123.369, 127.224, 145.000, 100.439, 87.864, 75.007, 92.358, 93.434, 87.367, 104.355, 107.838, 82.280, 105.309, 77.466, 90.918, 109.385, 99.765, 60.729, 105.475, 75.505, 0.000, 10.198, 4.243, 18.385, 12.042, 17.464, 15.133, 19.698, 17.692, 14.036, 22.136, 8.246, 13.342, 3.606, 16.031, 19.416, 10.000, 18.788, 12.166, 24.207, 22.472, 21.401, 53.852, 50.804, 59.942, 30.806, 16.155, 45.967, 25.495, 39.825, 6.708, 22.672, 17.692, 53.740, 30.000, 23.087, 57.559, 57.035, 46.174, 4.123, 29.120, 62.032, 93.472, 74.041, 88.238, 143.087, 156.984],
    [68.352, 104.043, 140.186, 140.428, 110.168, 104.235, 126.696, 111.629, 97.514, 113.225, 117.175, 134.807, 91.214, 78.588, 65.069, 85.428, 83.726, 77.647, 95.635, 99.765, 73.824, 97.046, 68.154, 83.487, 100.285, 92.114, 52.000, 97.082, 66.219, 10.198, 0.000, 8.602, 28.460, 10.050, 27.074, 20.809, 20.100, 26.926, 18.358, 28.601, 18.000, 23.022, 12.042, 21.095, 21.840, 2.000, 19.105, 16.125, 32.650, 30.414, 16.553, 43.681, 47.424, 52.431, 25.000, 17.464, 41.340, 27.459, 36.249, 6.403, 18.385, 10.440, 48.826, 27.203, 24.187, 48.052, 47.170, 36.056, 6.708, 20.591, 61.188, 91.417, 73.824, 86.683, 137.179, 151.486],
    [73.498, 112.272, 148.223, 148.627, 117.886, 111.987, 134.618, 119.871, 105.513, 121.433, 125.539, 142.580, 96.881, 84.345, 72.028, 88.204, 90.200, 84.149, 100.578, 103.870, 78.435, 101.390, 73.980, 86.833, 105.759, 95.713, 57.009, 101.592, 72.007, 4.243, 8.602, 0.000, 20.396, 7.810, 21.190, 13.000, 15.811, 18.358, 11.180, 20.591, 12.083, 17.088, 7.810, 13.601, 16.031, 7.616, 14.866, 9.055, 24.083, 21.932, 17.205, 51.865, 46.615, 55.902, 26.627, 12.369, 41.725, 22.091, 35.609, 3.000, 18.439, 18.028, 49.497, 25.807, 19.416, 54.231, 54.009, 43.566, 2.236, 25.495, 58.189, 89.471, 70.342, 84.309, 138.852, 152.742],
    [92.228, 132.503, 168.576, 168.885, 138.279, 132.382, 155.003, 140.089, 125.877, 141.683, 145.602, 162.975, 115.974, 103.586, 92.195, 103.788, 110.018, 104.005, 118.878, 121.116, 96.540, 118.962, 93.343, 103.247, 124.615, 112.361, 75.802, 119.369, 91.351, 18.385, 28.460, 20.396, 0.000, 26.019, 11.000, 17.000, 27.313, 6.403, 19.313, 17.205, 12.728, 10.770, 18.028, 18.358, 24.187, 27.893, 26.926, 19.647, 12.166, 13.000, 34.525, 72.125, 58.009, 73.082, 43.417, 24.352, 55.471, 28.425, 48.374, 23.345, 34.928, 35.511, 63.135, 38.910, 28.302, 74.007, 74.169, 63.953, 21.840, 45.011, 64.203, 96.400, 74.431, 90.443, 152.053, 165.076],
    [66.491, 108.462, 143.892, 144.669, 113.031, 107.201, 130.081, 116.078, 101.193, 117.546, 122.102, 137.768, 90.094, 77.647, 66.370, 80.455, 84.006, 78.000, 93.408, 96.385, 71.169, 93.984, 67.365, 79.177, 98.843, 88.102, 50.010, 94.244, 65.376, 12.042, 10.050, 7.810, 26.019, 0.000, 28.636, 13.038, 10.050, 22.361, 10.000, 20.616, 19.723, 24.597, 15.556, 12.806, 12.083, 8.062, 9.055, 8.062, 26.401, 23.707, 9.434, 48.301, 39.115, 48.332, 18.868, 7.616, 33.971, 17.464, 28.018, 5.831, 10.630, 20.396, 41.725, 18.358, 14.142, 48.000, 48.374, 38.897, 8.602, 19.000, 51.662, 82.462, 64.133, 77.492, 131.046, 144.959],
    [94.641, 129.522, 166.111, 165.895, 136.719, 130.752, 152.895, 137.033, 123.628, 138.741, 142.046, 161.245, 117.903, 105.323, 92.136, 108.908, 110.766, 104.690, 121.758, 125.004, 99.624, 122.560, 94.921, 107.782, 126.846, 116.730, 78.160, 122.776, 92.962, 17.464, 27.074, 21.190, 11.000, 28.636, 0.000, 24.207, 33.302, 16.492, 25.456, 26.926, 9.220, 4.123, 15.033, 25.612, 31.145, 27.295, 32.650, 24.839, 23.087, 23.537, 38.013, 69.721, 65.069, 76.968, 47.413, 29.833, 61.400, 36.401, 54.672, 24.042, 38.949, 31.048, 69.203, 44.822, 35.384, 74.967, 74.243, 63.000, 21.587, 46.573, 73.246, 105.394, 84.077, 99.644, 158.673, 172.154],
    [76.322, 121.334, 156.541, 157.471, 125.419, 119.641, 142.636, 128.950, 113.886, 130.388, 135.059, 150.153, 100.245, 88.051, 78.262, 86.816, 95.189, 89.275, 102.591, 104.403, 80.231, 102.357, 78.000, 86.377, 108.665, 95.520, 60.075, 102.840, 76.000, 15.133, 20.809, 13.000, 17.000, 13.038, 24.207, 0.000, 10.440, 11.402, 3.162, 7.810, 18.028, 21.095, 18.000, 1.414, 7.211, 19.209, 10.198, 5.000, 13.601, 10.770, 19.105, 61.294, 41.231, 56.515, 27.166, 8.000, 38.471, 12.207, 31.385, 14.422, 19.000, 30.887, 46.141, 21.932, 11.402, 59.414, 60.415, 51.624, 15.232, 30.806, 49.244, 81.302, 60.539, 75.664, 135.207, 148.395],
    [66.121, 113.600, 148.189, 149.466, 116.692, 111.000, 134.134, 121.198, 105.702, 122.540, 127.632, 141.382, 90.089, 78.000, 69.123, 76.485, 85.475, 79.630, 92.228, 93.963, 69.871, 91.924, 68.066, 75.961, 98.412, 85.094, 50.000, 92.418, 66.068, 19.698, 20.100, 15.811, 27.313, 10.050, 33.302, 10.440, 0.000, 21.840, 8.062, 15.297, 25.612, 29.698, 23.259, 9.220, 4.123, 18.111, 1.000, 8.485, 23.022, 20.025, 10.296, 54.406, 31.828, 46.098, 17.000, 3.606, 28.302, 7.616, 21.401, 15.133, 9.487, 30.414, 36.056, 11.662, 4.123, 50.010, 51.546, 43.909, 17.464, 22.361, 42.379, 73.790, 54.571, 68.542, 125.419, 138.852],
    [87.573, 130.384, 166.087, 166.688, 135.366, 129.522, 152.345, 137.993, 123.369, 139.517, 143.781, 160.100, 111.450, 99.182, 88.685, 98.087, 106.042, 100.080, 113.952, 115.802, 91.591, 113.759, 89.051, 97.739, 119.942, 106.892, 71.253, 114.237, 87.052, 17.692, 26.926, 18.358, 6.403, 22.361, 16.492, 11.402, 21.840, 0.000, 14.142, 10.817, 14.866, 15.000, 18.601, 12.649, 18.385, 25.942, 21.587, 15.000, 7.280, 7.071, 30.017, 70.007, 51.865, 67.912, 38.471, 19.235, 49.659, 22.204, 42.485, 21.024, 30.150, 35.384, 57.245, 33.242, 22.361, 70.114, 70.711, 61.131, 20.248, 41.195, 57.801, 90.000, 68.096, 84.054, 145.908, 158.836],
    [73.437, 118.186, 153.379, 154.315, 122.262, 116.482, 139.474, 125.801, 110.725, 127.236, 131.928, 146.997, 97.329, 85.094, 75.133, 84.528, 92.136, 86.209, 99.825, 101.833, 77.466, 99.725, 75.007, 83.934, 105.802, 93.048, 57.140, 100.170, 73.007, 14.036, 18.358, 11.180, 19.313, 10.000, 25.456, 3.162, 8.062, 14.142, 0.000, 10.630, 18.358, 22.023, 17.263, 2.828, 5.831, 16.643, 7.616, 2.236, 16.763, 13.928, 16.031, 58.181, 39.623, 53.852, 24.331, 5.099, 36.359, 11.705, 29.411, 12.083, 16.031, 28.636, 44.102, 19.723, 10.000, 56.321, 57.271, 48.466, 13.342, 27.659, 48.754, 80.623, 60.407, 75.133, 133.405, 146.755],
    [81.006, 128.378, 163.273, 164.396, 131.898, 126.178, 149.272, 135.989, 120.702, 137.383, 142.239, 156.605, 105.005, 93.048, 84.404, 89.196, 100.717, 94.895, 106.677, 107.708, 84.380, 105.906, 83.217, 89.286, 113.159, 98.494, 65.069, 106.532, 81.222, 22.136, 28.601, 20.591, 17.205, 20.616, 26.926, 7.810, 15.297, 10.817, 10.630, 0.000, 23.022, 24.739, 24.515, 7.810, 11.180, 27.019, 15.524, 12.728, 8.246, 5.385, 25.298, 68.600, 42.059, 60.407, 32.140, 14.318, 40.804, 12.649, 33.526, 22.204, 24.739, 38.588, 48.104, 25.179, 14.036, 65.307, 66.761, 58.600, 22.825, 37.336, 47.011, 79.202, 57.306, 73.239, 135.912, 148.600],
    [85.440, 121.297, 157.709, 157.696, 128.004, 122.053, 144.361, 128.845, 115.122, 130.507, 134.082, 152.594, 108.683, 96.104, 83.054, 100.170, 101.597, 95.525, 112.579, 115.953, 90.477, 113.464, 85.703, 98.884, 117.631, 107.782, 68.964, 113.653, 83.744, 8.246, 18.000, 12.083, 12.728, 19.723, 9.220, 18.028, 25.612, 14.866, 18.358, 23.022, 0.000, 5.099, 6.083, 19.313, 24.187, 18.111, 24.839, 17.205, 22.136, 21.378, 29.155, 61.188, 57.385, 67.978, 38.588, 22.023, 53.151, 29.967, 46.669, 14.866, 30.232, 23.259, 60.959, 36.770, 28.302, 65.765, 65.123, 54.037, 12.369, 37.363, 67.082, 98.980, 78.549, 93.477, 150.446, 164.146],
    [90.521, 125.877, 162.388, 162.265, 132.850, 126.890, 149.111, 133.405, 119.854, 135.093, 138.521, 157.407, 113.780, 101.203, 88.091, 104.957, 106.677, 100.603, 117.644, 120.934, 95.520, 118.474, 90.802, 103.769, 122.723, 112.699, 74.041, 118.680, 88.843, 13.342, 23.022, 17.088, 10.770, 24.597, 4.123, 21.095, 29.698, 15.000, 22.023, 24.739, 5.099, 0.000, 11.000, 22.472, 27.803, 23.195, 29.000, 21.213, 22.091, 22.023, 34.000, 65.924, 61.522, 72.918, 43.417, 26.173, 57.628, 33.287, 50.990, 19.925, 34.986, 27.514, 65.437, 41.110, 32.016, 70.859, 70.178, 59.008, 17.464, 42.450, 70.328, 102.396, 81.437, 96.747, 154.932, 168.505],
    [80.006, 115.248, 151.634, 151.648, 121.926, 115.974, 138.279, 122.801, 109.041, 124.455, 128.082, 146.513, 103.078, 90.471, 77.104, 95.692, 95.755, 89.677, 107.224, 110.923, 85.235, 108.337, 80.050, 94.154, 112.089, 102.956, 63.569, 108.462, 78.102, 3.606, 12.042, 7.810, 18.028, 15.556, 15.033, 18.000, 23.259, 18.601, 17.263, 24.515, 6.083, 11.000, 0.000, 19.026, 22.804, 12.369, 22.361, 15.524, 25.554, 24.166, 24.839, 55.109, 54.406, 63.135, 34.205, 19.698, 49.518, 28.862, 43.417, 10.000, 26.173, 17.493, 57.280, 33.601, 26.571, 60.017, 59.211, 48.010, 7.211, 31.953, 65.552, 97.046, 77.492, 91.788, 146.578, 160.515],
    [75.240, 120.830, 155.926, 156.924, 124.724, 118.962, 141.989, 128.445, 113.296, 129.865, 134.614, 149.452, 99.182, 87.023, 77.466, 85.493, 94.260, 88.363, 101.435, 103.160, 79.076, 101.139, 77.006, 85.094, 107.564, 94.244, 59.034, 101.637, 75.007, 16.031, 21.095, 13.601, 18.358, 12.806, 25.612, 1.414, 9.220, 12.649, 2.828, 7.810, 19.313, 22.472, 19.026, 0.000, 5.831, 19.416, 9.055, 5.000, 14.318, 11.402, 18.248, 60.902, 39.825, 55.317, 26.077, 7.071, 37.121, 10.817, 30.017, 14.765, 18.028, 31.305, 44.777, 20.616, 10.000, 58.549, 59.666, 51.078, 15.811, 30.083, 47.885, 79.925, 59.237, 74.303, 133.810, 146.986],
    [70.064, 117.618, 152.279, 153.522, 120.806, 115.109, 138.235, 125.220, 109.772, 126.574, 131.609, 145.499, 94.048, 82.006, 73.246, 79.706, 89.560, 83.726, 96.026, 97.529, 73.682, 95.567, 72.111, 79.379, 102.313, 88.544, 54.009, 96.104, 70.114, 19.416, 21.840, 16.031, 24.187, 12.083, 31.145, 7.211, 4.123, 18.385, 5.831, 11.180, 24.187, 27.803, 22.804, 5.831, 0.000, 19.925, 4.472, 7.280, 19.000, 16.000, 14.318, 58.249, 34.059, 49.820, 21.024, 4.472, 31.305, 6.083, 24.187, 16.125, 13.601, 32.280, 38.949, 14.866, 4.243, 54.129, 55.660, 47.885, 18.000, 26.401, 42.953, 74.793, 54.708, 69.318, 128.004, 141.227],
    [67.676, 104.676, 140.684, 141.039, 110.476, 104.561, 127.122, 112.272, 97.985, 113.842, 117.924, 135.148, 90.708, 78.102, 65.008, 84.202, 83.487, 77.414, 94.921, 98.838, 73.007, 96.177, 67.683, 82.377, 99.725, 91.066, 51.264, 96.255, 65.734, 10.000, 2.000, 7.616, 27.893, 8.062, 27.295, 19.209, 18.111, 25.942, 16.643, 27.019, 18.111, 23.195, 12.369, 19.416, 19.925, 0.000, 17.117, 14.422, 31.401, 29.069, 14.765, 44.272, 45.618, 51.313, 23.431, 15.524, 39.661, 25.495, 34.438, 5.000, 16.553, 12.369, 47.202, 25.298, 22.204, 47.676, 47.043, 36.222, 6.083, 19.698, 59.228, 89.538, 71.847, 84.770, 135.772, 150.013],
    [66.189, 113.146, 147.828, 149.054, 116.387, 110.680, 133.795, 120.748, 105.309, 122.102, 127.142, 141.089, 90.139, 78.006, 68.884, 76.922, 85.376, 79.511, 92.396, 94.255, 70.036, 92.179, 68.029, 76.322, 98.509, 85.440, 50.010, 92.650, 66.030, 18.788, 19.105, 14.866, 26.926, 9.055, 32.650, 10.198, 1.000, 21.587, 7.616, 15.524, 24.839, 29.000, 22.361, 9.055, 4.472, 17.117, 0.000, 7.810, 23.087, 20.100, 9.849, 53.824, 32.558, 46.325, 17.029, 2.828, 28.844, 8.544, 22.023, 14.142, 9.220, 29.428, 36.620, 12.207, 5.099, 49.820, 51.245, 43.417, 16.492, 21.932, 43.324, 74.686, 55.543, 69.462, 126.036, 139.517],
    [72.691, 116.469, 151.789, 152.643, 120.785, 114.983, 137.928, 124.085, 109.110, 125.539, 130.146, 145.523, 96.519, 84.214, 73.824, 84.534, 91.049, 85.094, 99.247, 101.514, 76.903, 99.328, 74.061, 83.774, 105.076, 92.849, 56.321, 99.725, 72.062, 12.166, 16.125, 9.055, 19.647, 8.062, 24.839, 5.000, 8.485, 15.000, 2.236, 12.728, 17.205, 21.213, 15.524, 5.000, 7.280, 14.422, 7.810, 0.000, 18.385, 15.652, 15.033, 56.356, 40.311, 53.451, 23.770, 5.000, 36.620, 13.342, 29.833, 9.849, 15.297, 26.401, 44.407, 20.000, 11.180, 55.145, 55.902, 46.819, 11.180, 26.306, 50.160, 81.884, 61.984, 76.485, 133.843, 147.323],
    [89.051, 134.852, 170.135, 171.026, 139.014, 133.240, 156.237, 142.468, 127.472, 143.924, 148.499, 163.747, 113.040, 101.005, 91.782, 97.406, 108.462, 102.591, 114.856, 115.953, 92.542, 114.140, 91.088, 97.529, 121.264, 106.738, 73.007, 114.756, 89.090, 24.207, 32.650, 24.083, 12.166, 26.401, 23.087, 13.601, 23.022, 7.280, 16.763, 8.246, 22.136, 22.091, 25.554, 14.318, 19.000, 31.401, 23.087, 18.385, 0.000, 3.000, 32.558, 74.686, 50.090, 68.593, 40.012, 21.378, 49.041, 20.881, 41.761, 26.401, 32.249, 41.773, 56.303, 33.377, 22.204, 72.835, 73.980, 65.192, 26.173, 44.385, 53.759, 85.796, 63.246, 79.649, 143.736, 156.237],
    [86.052, 132.098, 167.299, 168.241, 136.125, 130.361, 153.379, 139.714, 124.652, 141.156, 145.798, 160.854, 110.041, 98.005, 88.843, 94.578, 105.475, 99.609, 111.879, 113.031, 89.560, 111.198, 88.091, 94.641, 118.271, 103.846, 70.007, 111.803, 86.093, 22.472, 30.414, 21.932, 13.000, 23.707, 23.537, 10.770, 20.025, 7.071, 13.928, 5.385, 21.378, 22.023, 24.166, 11.402, 16.000, 29.069, 20.100, 15.652, 3.000, 0.000, 29.614, 72.007, 47.413, 65.620, 37.014, 18.439, 46.174, 18.028, 38.897, 24.083, 29.275, 39.825, 53.488, 30.414, 19.235, 69.871, 71.063, 62.394, 24.083, 41.485, 51.740, 83.869, 61.587, 77.801, 141.198, 153.808],
    [57.706, 103.310, 137.993, 139.205, 106.607, 100.881, 123.976, 110.910, 95.462, 112.259, 117.337, 131.320, 81.498, 69.181, 59.228, 71.021, 76.105, 70.178, 84.404, 87.092, 62.097, 84.758, 59.034, 69.771, 90.094, 78.721, 41.304, 85.071, 57.035, 21.401, 16.553, 17.205, 34.525, 9.434, 38.013, 19.105, 10.296, 30.017, 16.031, 25.298, 29.155, 34.000, 24.839, 18.248, 14.318, 14.765, 9.849, 15.033, 32.558, 29.614, 0.000, 44.204, 30.871, 39.000, 9.434, 11.180, 25.000, 16.971, 19.698, 14.866, 2.000, 25.318, 32.650, 11.045, 13.454, 40.311, 41.485, 33.615, 17.692, 12.083, 45.277, 74.947, 58.138, 70.342, 121.754, 135.772],
    [42.190, 60.407, 96.540, 96.768, 67.119, 61.131, 83.187, 68.007, 53.935, 69.570, 73.824, 91.548, 58.412, 46.690, 27.459, 69.642, 47.011, 41.340, 66.468, 74.813, 49.739, 71.063, 37.643, 64.885, 67.801, 70.831, 32.558, 70.178, 36.401, 53.852, 43.681, 51.865, 72.125, 48.301, 69.721, 61.294, 54.406, 70.007, 58.181, 68.600, 61.188, 65.924, 55.109, 60.902, 58.249, 44.272, 53.824, 56.356, 74.686, 72.007, 44.204, 0.000, 59.237, 42.012, 41.869, 54.378, 51.078, 61.074, 52.479, 49.041, 45.453, 39.051, 53.852, 50.990, 57.628, 22.561, 16.763, 11.662, 50.289, 32.558, 78.000, 98.615, 90.477, 96.509, 122.090, 137.753],
    [47.927, 108.931, 139.230, 142.201, 106.780, 101.833, 124.808, 116.103, 99.247, 116.932, 123.762, 130.361, 70.605, 60.539, 60.208, 48.052, 70.661, 65.863, 69.462, 68.118, 48.508, 67.000, 52.839, 49.163, 77.279, 58.310, 36.235, 68.029, 51.108, 50.804, 47.424, 46.615, 58.009, 39.115, 65.069, 41.231, 31.828, 51.865, 39.623, 42.059, 57.385, 61.522, 54.406, 39.825, 34.059, 45.618, 32.558, 40.311, 50.090, 47.413, 30.871, 59.237, 0.000, 26.420, 23.537, 35.384, 8.246, 29.682, 11.180, 44.944, 29.069, 55.660, 8.544, 20.809, 29.833, 42.638, 47.434, 47.760, 47.707, 33.061, 18.788, 44.385, 31.321, 40.311, 94.048, 107.168],
    [21.840, 83.546, 112.894, 116.039, 80.449, 75.604, 98.473, 90.521, 73.539, 91.220, 98.412, 103.942, 45.398, 34.482, 34.828, 33.242, 44.283, 39.446, 46.271, 48.104, 24.021, 45.880, 26.420, 31.064, 53.009, 39.825, 11.180, 46.325, 24.698, 59.942, 52.431, 55.902, 73.082, 48.332, 76.968, 56.515, 46.098, 67.912, 53.852, 60.407, 67.978, 72.918, 63.135, 55.317, 49.820, 51.313, 46.325, 53.451, 68.593, 65.620, 39.000, 42.012, 26.420, 0.000, 29.732, 48.765, 21.587, 48.094, 28.160, 53.235, 38.275, 56.569, 18.028, 35.228, 46.390, 20.396, 26.306, 32.757, 55.946, 32.016, 43.139, 57.271, 53.600, 55.973, 86.052, 101.020],
    [49.163, 98.793, 132.503, 134.183, 100.658, 95.079, 118.309, 106.330, 90.355, 107.541, 113.159, 125.252, 73.110, 61.000, 52.811, 61.587, 68.593, 62.801, 75.505, 77.833, 53.151, 75.584, 51.088, 60.374, 81.498, 69.354, 33.000, 75.961, 49.092, 30.806, 25.000, 26.627, 43.417, 18.868, 47.413, 27.166, 17.000, 38.471, 24.331, 32.140, 38.588, 43.417, 34.205, 26.077, 21.024, 23.431, 17.029, 23.770, 40.012, 37.014, 9.434, 41.869, 23.537, 29.732, 0.000, 19.235, 16.553, 21.190, 13.000, 24.207, 8.544, 32.311, 23.854, 9.220, 18.439, 33.526, 35.777, 30.414, 27.019, 10.440, 40.112, 67.912, 53.151, 63.789, 112.486, 126.621],
    [68.359, 114.061, 149.000, 150.083, 117.720, 111.973, 135.030, 121.672, 106.405, 123.065, 127.941, 142.443, 92.266, 80.056, 70.406, 79.605, 87.207, 81.302, 94.726, 96.768, 72.367, 94.641, 70.000, 78.924, 100.717, 88.023, 52.086, 95.079, 68.000, 16.155, 17.464, 12.369, 24.352, 7.616, 29.833, 8.000, 3.606, 19.235, 5.099, 14.318, 22.023, 26.173, 19.698, 7.071, 4.472, 15.524, 2.828, 5.000, 21.378, 18.439, 11.180, 54.378, 35.384, 48.765, 19.235, 0.000, 31.623, 10.050, 24.839, 12.000, 11.000, 27.893, 39.408, 15.000, 7.071, 51.478, 52.631, 44.283, 14.142, 23.087, 45.880, 77.369, 57.974, 72.090, 128.845, 142.341],
    [43.417, 102.069, 133.255, 135.915, 100.846, 95.718, 118.849, 109.343, 92.617, 110.259, 116.846, 124.780, 66.910, 56.045, 53.600, 48.466, 65.552, 60.415, 67.000, 67.082, 45.177, 65.490, 47.539, 48.508, 74.243, 57.723, 30.017, 66.272, 45.695, 45.967, 41.340, 41.725, 55.471, 33.971, 61.400, 38.471, 28.302, 49.659, 36.359, 40.804, 53.151, 57.628, 49.518, 37.121, 31.305, 39.661, 28.844, 36.620, 49.041, 46.174, 25.000, 51.078, 8.246, 21.587, 16.553, 31.623, 0.000, 28.160, 7.280, 39.699, 23.431, 48.847, 7.810, 16.643, 27.313, 35.355, 39.825, 39.560, 42.521, 25.318, 26.926, 51.788, 39.560, 48.094, 97.309, 111.036],
    [69.065, 119.570, 153.629, 155.184, 121.840, 116.245, 139.463, 127.142, 111.360, 128.413, 133.776, 146.441, 93.048, 81.302, 74.000, 76.551, 89.443, 83.744, 94.340, 95.126, 72.111, 93.381, 71.701, 76.655, 101.020, 85.866, 53.460, 94.048, 69.721, 25.495, 27.459, 22.091, 28.425, 17.464, 36.401, 12.207, 7.616, 22.204, 11.705, 12.649, 29.967, 33.287, 28.862, 10.817, 6.083, 25.495, 8.544, 13.342, 20.881, 18.028, 16.971, 61.074, 29.682, 48.094, 21.190, 10.050, 28.160, 0.000, 20.881, 22.023, 15.620, 37.855, 35.468, 13.038, 3.606, 54.708, 56.859, 50.220, 24.021, 28.601, 37.121, 69.116, 48.703, 63.530, 123.709, 136.653],
    [49.820, 106.212, 138.311, 140.663, 106.005, 100.722, 123.944, 113.600, 97.082, 114.621, 120.880, 130.188, 73.553, 62.370, 58.310, 55.714, 71.470, 66.129, 74.027, 74.330, 52.038, 72.691, 53.451, 55.785, 81.099, 65.000, 35.468, 73.437, 51.546, 39.825, 36.249, 35.609, 48.374, 28.018, 54.672, 31.385, 21.401, 42.485, 29.411, 33.526, 46.669, 50.990, 43.417, 30.017, 24.187, 34.438, 22.023, 29.833, 41.761, 38.897, 19.698, 52.479, 11.180, 28.160, 13.000, 24.839, 7.280, 20.881, 0.000, 33.838, 17.889, 44.643, 14.765, 9.899, 20.125, 39.408, 43.186, 40.817, 36.620, 23.195, 27.166, 55.362, 40.200, 50.990, 104.019, 117.516],
    [70.605, 109.444, 145.331, 145.784, 114.935, 109.041, 131.700, 117.047, 102.616, 118.596, 122.772, 139.635, 93.941, 81.394, 69.029, 85.703, 87.207, 81.154, 97.719, 101.134, 75.611, 98.615, 71.021, 84.220, 102.840, 93.059, 54.120, 98.793, 69.051, 6.708, 6.403, 3.000, 23.345, 5.831, 24.042, 14.422, 15.133, 21.024, 12.083, 22.204, 14.866, 19.925, 10.000, 14.765, 16.125, 5.000, 14.142, 9.849, 26.401, 24.083, 14.866, 49.041, 44.944, 53.235, 24.207, 12.000, 39.699, 22.023, 33.838, 0.000, 16.279, 16.553, 47.424, 24.187, 19.026, 51.245, 51.010, 40.608, 2.828, 22.561, 57.280, 88.238, 69.635, 83.217, 136.620, 150.615],
    [57.428, 104.235, 138.716, 140.036, 107.205, 101.514, 124.652, 111.826, 96.255, 113.146, 118.338, 131.898, 81.302, 69.065, 59.666, 69.971, 76.236, 70.349, 83.952, 86.377, 61.612, 84.119, 59.000, 68.877, 89.805, 77.878, 41.110, 84.481, 57.000, 22.672, 18.385, 18.439, 34.928, 10.630, 38.949, 19.000, 9.487, 30.150, 16.031, 24.739, 30.232, 34.986, 26.173, 18.028, 13.601, 16.553, 9.220, 15.297, 32.249, 29.275, 2.000, 45.453, 29.069, 38.275, 8.544, 11.000, 23.431, 15.620, 17.889, 16.279, 0.000, 27.295, 31.145, 9.055, 12.207, 40.608, 42.059, 34.670, 19.105, 13.038, 43.290, 73.055, 56.143, 68.411, 120.416, 134.350],
    [69.836, 98.489, 135.148, 134.852, 106.170, 100.180, 122.053, 105.991, 92.779, 107.708, 111.018, 130.553, 91.548, 78.924, 63.348, 89.805, 82.710, 76.655, 97.062, 102.343, 76.007, 99.323, 68.542, 87.207, 100.846, 95.425, 54.083, 99.126, 66.708, 17.692, 10.440, 18.028, 35.511, 20.396, 31.048, 30.887, 30.414, 35.384, 28.636, 38.588, 23.259, 27.514, 17.493, 31.305, 32.280, 12.369, 29.428, 26.401, 41.773, 39.825, 25.318, 39.051, 55.660, 56.569, 32.311, 27.893, 48.847, 37.855, 44.643, 16.553, 27.295, 0.000, 55.902, 36.346, 34.525, 48.332, 46.174, 33.956, 15.811, 25.000, 70.576, 100.000, 83.385, 95.567, 142.425, 157.115],
