/*********************************************
 * Fichier de donnees genere automatiquement
 * Source: tai75a.txt
 *********************************************/

nbC = 75;
nbV = 15;
CapaMax = 1445;
DemandesCantines = [50, 50, 170, 297, 9, 630, 179, 179, 216, 4, 9, 154, 117, 63, 436, 905, 14, 3, 10, 166, 211, 8, 25, 139, 213, 758, 429, 5, 136, 501, 93, 21, 169, 22, 3, 271, 433, 3, 1079, 233, 11, 10, 78, 63, 4, 59, 8, 34, 234, 30, 40, 123, 7, 33, 369, 11, 23, 208, 4, 8, 36, 504, 16, 574, 19, 235, 445, 6, 43, 210, 268, 410, 124, 11, 1085];
Distance = [
  [0.0, 66.04, 92.46, 96.21, 60.21, 55.87, 78.1, 72.42, 55.47, 72.8, 80.71, 82.93, 24.0, 12.65, 21.02, 29.15, 23.02, 19.1, 27.31, 33.24, 7.62, 29.83, 7.28, 23.54, 32.39, 28.65, 16.49, 29.41, 7.0, 77.2, 68.35, 73.5, 92.23, 66.49, 94.64, 76.32, 66.12, 87.57, 73.44, 81.01, 85.44, 90.52, 80.01, 75.24, 70.06, 67.68, 66.19, 72.69, 89.05, 86.05, 57.71, 42.19, 47.93, 21.84, 49.16, 68.36, 43.42, 69.07, 49.82, 70.6, 57.43, 69.84, 39.4, 56.04, 67.0, 22.02, 26.25, 38.21, 73.08, 48.08, 63.25, 70.24, 72.18, 70.72, 80.11, 95.85],
  [66.04, 0.0, 37.05, 36.4, 18.87, 16.49, 25.71, 7.62, 10.77, 9.22, 14.87, 35.44, 57.07, 56.86, 48.8, 90.82, 45.88, 47.41, 67.74, 79.76, 70.66, 75.95, 59.08, 84.5, 61.07, 83.68, 72.84, 73.82, 60.22, 114.18, 104.04, 112.27, 132.5, 108.46, 129.52, 121.33, 113.6, 130.38, 118.19, 128.38, 121.3, 125.88, 115.25, 120.83, 117.62, 104.68, 113.15, 116.47, 134.85, 132.1, 103.31, 60.41, 108.93, 83.55, 98.79, 114.06, 102.07, 119.57, 106.21, 109.44, 104.24, 98.49, 101.12, 107.91, 116.36, 66.84, 63.25, 69.78, 110.68, 91.24, 126.62, 136.19, 137.0, 136.75, 129.02, 144.03],
  [92.46, 37.05, 0.0, 8.25, 32.45, 37.59, 14.42, 30.02, 42.72, 28.0, 28.46, 12.37, 75.29, 80.72, 80.06, 111.04, 69.53, 73.6, 83.49, 94.15, 94.79, 91.27, 86.61, 105.12, 74.63, 101.26, 103.25, 89.04, 88.23, 150.37, 140.19, 148.22, 168.58, 143.89, 166.11, 156.54, 148.19, 166.09, 153.38, 163.27, 157.71, 162.39, 151.63, 155.93, 152.28, 140.68, 147.83, 151.79, 170.14, 167.3, 137.99, 96.54, 139.23, 112.89, 132.5, 149.0, 133.26, 153.63, 138.31, 145.33, 138.72, 135.15, 130.92, 141.36, 150.62, 99.28, 96.77, 105.0, 146.74, 125.94, 155.6, 159.45, 164.54, 161.28, 136.68, 149.91],
  [96.21, 36.4, 8.25, 0.0, 36.07, 40.46, 18.87, 28.86, 43.83, 27.2, 25.02, 20.02, 80.45, 84.9, 82.38, 116.25, 73.55, 77.16, 89.19, 100.18, 99.09, 97.13, 90.03, 110.21, 80.53, 106.85, 106.02, 94.89, 91.55, 150.57, 140.43, 148.63, 168.88, 144.67, 165.89, 157.47, 149.47, 166.69, 154.31, 164.4, 157.7, 162.27, 151.65, 156.92, 153.52, 141.04, 149.05, 152.64, 171.03, 168.24, 139.2, 96.77, 142.2, 116.04, 134.18, 150.08, 135.92, 155.18, 140.66, 145.78, 140.04, 134.85, 134.01, 143.18, 152.07, 101.36, 98.41, 105.85, 147.05, 127.12, 159.02, 164.3, 168.39, 165.85, 143.84, 157.29],
  [60.21, 18.87, 32.45, 36.07, 0.0, 6.0, 18.03, 19.24, 15.23, 18.03, 27.0, 24.74, 45.18, 48.84, 47.93, 80.78, 37.48, 41.23, 54.78, 66.41, 63.03, 62.97, 54.2, 74.63, 46.84, 72.01, 70.83, 60.75, 55.8, 120.35, 110.17, 117.89, 138.28, 113.03, 136.72, 125.42, 116.69, 135.37, 122.26, 131.9, 128.0, 132.85, 121.93, 124.72, 120.81, 110.48, 116.39, 120.78, 139.01, 136.12, 106.61, 67.12, 106.78, 80.45, 100.66, 117.72, 100.85, 121.84, 106.0, 114.93, 107.21, 106.17, 98.47, 109.38, 118.93, 67.23, 65.15, 74.33, 116.56, 94.64, 123.23, 128.41, 132.38, 129.83, 113.64, 128.19],
  [55.87, 16.49, 37.59, 40.46, 6.0, 0.0, 23.26, 19.24, 10.0, 18.68, 27.66, 30.59, 42.72, 45.0, 42.49, 77.83, 33.6, 36.77, 52.89, 64.76, 59.2, 61.13, 49.58, 71.59, 45.54, 69.64, 65.73, 58.94, 51.09, 114.42, 104.24, 111.99, 132.38, 107.2, 130.75, 119.64, 111.0, 129.52, 116.48, 126.18, 122.05, 126.89, 115.97, 118.96, 115.11, 104.56, 110.68, 114.98, 133.24, 130.36, 100.88, 61.13, 101.83, 75.6, 95.08, 111.97, 95.72, 116.25, 100.72, 109.04, 101.51, 100.18, 93.6, 103.87, 113.3, 61.74, 59.46, 68.45, 110.64, 88.89, 118.56, 124.85, 128.0, 126.04, 113.16, 128.0],
  [78.1, 25.71, 14.42, 18.87, 18.03, 23.26, 0.0, 20.12, 29.27, 17.89, 22.67, 9.85, 61.61, 66.48, 65.74, 97.42, 55.23, 59.2, 70.33, 81.39, 80.61, 78.29, 72.2, 91.4, 61.72, 87.98, 88.84, 76.06, 73.82, 136.89, 126.7, 134.62, 155.0, 130.08, 152.9, 142.64, 134.13, 152.35, 139.47, 149.27, 144.36, 149.11, 138.28, 141.99, 138.24, 127.12, 133.79, 137.93, 156.24, 153.38, 123.98, 83.19, 124.81, 98.47, 118.31, 135.03, 118.85, 139.46, 123.94, 131.7, 124.65, 122.05, 116.5, 127.12, 136.49, 85.0, 82.64, 91.21, 133.2, 111.95, 141.21, 145.58, 150.23, 147.25, 125.93, 139.74],
  [72.42, 7.62, 30.02, 28.86, 19.24, 19.24, 20.12, 0.0, 17.03, 2.24, 8.54, 29.97, 61.68, 62.65, 55.9, 96.25, 51.43, 53.54, 72.03, 83.95, 76.66, 80.28, 65.6, 89.96, 64.78, 88.54, 79.93, 78.1, 66.84, 121.76, 111.63, 119.87, 140.09, 116.08, 137.03, 128.95, 121.2, 137.99, 125.8, 135.99, 128.84, 133.41, 122.8, 128.44, 125.22, 112.27, 120.75, 124.08, 142.47, 139.71, 110.91, 68.01, 116.1, 90.52, 106.33, 121.67, 109.34, 127.14, 113.6, 117.05, 111.83, 105.99, 108.21, 115.43, 123.94, 74.2, 70.72, 77.39, 118.27, 98.84, 133.65, 142.36, 143.84, 143.13, 132.31, 147.05],
  [55.47, 10.77, 42.72, 43.83, 15.23, 10.0, 29.27, 17.03, 0.0, 17.69, 25.24, 38.0, 46.53, 46.1, 39.05, 80.06, 35.11, 36.72, 57.31, 69.35, 59.94, 65.49, 48.6, 73.74, 51.01, 73.01, 63.03, 63.39, 49.82, 107.71, 97.51, 105.51, 125.88, 101.19, 123.63, 113.89, 105.7, 123.37, 110.72, 120.7, 115.12, 119.85, 109.04, 113.3, 109.77, 97.98, 105.31, 109.11, 127.47, 124.65, 95.46, 53.94, 99.25, 73.54, 90.35, 106.4, 92.62, 111.36, 97.08, 102.62, 96.25, 92.78, 91.29, 99.36, 108.26, 57.69, 54.59, 62.3, 104.05, 83.38, 116.67, 125.54, 126.81, 126.19, 119.02, 134.18],
  [72.8, 9.22, 28.0, 27.2, 18.03, 18.68, 17.89, 2.24, 17.69, 0.0, 9.06, 27.73, 61.35, 62.77, 56.73, 96.18, 51.48, 53.82, 71.57, 83.43, 76.85, 79.81, 66.07, 89.9, 64.13, 88.26, 80.72, 77.62, 67.36, 123.37, 113.23, 121.43, 141.68, 117.55, 138.74, 130.39, 122.54, 139.52, 127.24, 137.38, 130.51, 135.09, 124.45, 129.87, 126.57, 113.84, 122.1, 125.54, 143.92, 141.16, 112.26, 69.57, 116.93, 91.22, 107.54, 123.07, 110.26, 128.41, 114.62, 118.6, 113.15, 107.71, 108.98, 116.62, 125.24, 75.21, 71.87, 78.79, 119.85, 100.18, 134.36, 142.58, 144.42, 143.45, 131.46, 146.12],
  [80.71, 14.87, 28.46, 25.02, 27.0, 27.66, 22.67, 8.54, 25.24, 9.06, 0.0, 31.89, 70.21, 71.12, 63.66, 104.79, 59.93, 61.91, 80.52, 92.42, 85.09, 88.77, 73.82, 98.49, 73.16, 97.08, 87.69, 86.59, 75.0, 127.22, 117.18, 125.54, 145.6, 122.1, 142.05, 135.06, 127.63, 143.78, 131.93, 142.24, 134.08, 138.52, 128.08, 134.61, 131.61, 117.92, 127.14, 130.15, 148.5, 145.8, 117.34, 73.82, 123.76, 98.41, 113.16, 127.94, 116.85, 133.78, 120.88, 122.77, 118.34, 111.02, 115.97, 122.32, 130.51, 81.57, 77.8, 83.73, 123.86, 105.31, 141.48, 150.75, 151.86, 151.43, 140.51, 155.16],
  [82.93, 35.44, 12.37, 20.02, 24.74, 30.59, 9.85, 29.97, 38.0, 27.73, 31.89, 0.0, 64.35, 70.8, 72.45, 99.9, 59.91, 64.5, 72.01, 82.38, 84.65, 79.63, 77.52, 94.11, 63.01, 89.81, 94.81, 77.42, 79.26, 145.0, 134.81, 142.58, 162.98, 137.77, 161.25, 150.15, 141.38, 160.1, 147.0, 156.6, 152.59, 157.41, 146.51, 149.45, 145.5, 135.15, 141.09, 145.52, 163.75, 160.85, 131.32, 91.55, 130.36, 103.94, 125.25, 142.44, 124.78, 146.44, 130.19, 139.64, 131.9, 130.55, 121.94, 133.9, 143.57, 91.76, 89.84, 99.04, 141.23, 119.37, 146.17, 148.55, 154.63, 150.63, 124.33, 137.54],
  [24.0, 57.07, 75.29, 80.45, 45.18, 42.72, 61.61, 61.68, 46.53, 61.35, 70.21, 64.35, 0.0, 12.65, 31.14, 35.81, 13.93, 17.8, 11.05, 23.0, 22.14, 19.03, 23.09, 29.83, 9.43, 26.93, 40.2, 17.0, 25.0, 100.44, 91.21, 96.88, 115.97, 90.09, 117.9, 100.24, 90.09, 111.45, 97.33, 105.0, 108.68, 113.78, 103.08, 99.18, 94.05, 90.71, 90.14, 96.52, 113.04, 110.04, 81.5, 58.41, 70.6, 45.4, 73.11, 92.27, 66.91, 93.05, 73.55, 93.94, 81.3, 91.55, 62.1, 80.02, 91.0, 43.32, 45.62, 58.14, 96.32, 71.39, 84.1, 84.22, 91.27, 86.31, 73.55, 89.11],
  [12.65, 56.86, 80.72, 84.9, 48.84, 45.0, 66.48, 62.65, 46.1, 62.77, 71.12, 70.8, 12.65, 0.0, 20.25, 34.21, 11.4, 10.05, 19.85, 29.55, 14.21, 25.5, 10.44, 27.89, 21.93, 29.07, 28.0, 24.19, 12.37, 87.86, 78.59, 84.34, 103.59, 77.65, 105.32, 88.05, 78.0, 99.18, 85.09, 93.05, 96.1, 101.2, 90.47, 87.02, 82.01, 78.1, 78.01, 84.21, 101.0, 98.01, 69.18, 46.69, 60.54, 34.48, 61.0, 80.06, 56.04, 81.3, 62.37, 81.39, 69.07, 78.92, 52.0, 68.26, 79.1, 30.68, 33.12, 45.65, 83.74, 58.86, 75.47, 79.88, 83.87, 81.06, 79.81, 95.6],
  [21.02, 48.8, 80.06, 82.38, 47.93, 42.49, 65.74, 55.9, 39.05, 56.73, 63.66, 72.45, 31.14, 20.25, 0.0, 50.04, 19.7, 13.89, 40.0, 49.65, 28.07, 45.65, 14.04, 44.18, 40.46, 47.8, 24.04, 44.42, 14.04, 75.01, 65.07, 72.03, 92.2, 66.37, 92.14, 78.26, 69.12, 88.68, 75.13, 84.4, 83.05, 88.09, 77.1, 77.47, 73.25, 65.01, 68.88, 73.82, 91.78, 88.84, 59.23, 27.46, 60.21, 34.83, 52.81, 70.41, 53.6, 74.0, 58.31, 69.03, 59.67, 63.35, 52.33, 61.47, 71.17, 19.31, 18.03, 29.43, 71.0, 47.52, 77.83, 89.69, 88.41, 89.44, 99.3, 115.11],
  [29.15, 90.82, 111.04, 116.25, 80.78, 77.83, 97.42, 96.25, 80.06, 96.18, 104.79, 99.9, 35.81, 34.21, 50.04, 0.0, 44.94, 44.15, 28.43, 21.84, 22.0, 22.36, 36.01, 6.32, 37.64, 11.7, 38.08, 24.19, 36.12, 92.36, 85.43, 88.2, 103.79, 80.45, 108.91, 86.82, 76.49, 98.09, 84.53, 89.2, 100.17, 104.96, 95.69, 85.49, 79.71, 84.2, 76.92, 84.53, 97.41, 94.58, 71.02, 69.64, 48.05, 33.24, 61.59, 79.61, 48.47, 76.55, 55.71, 85.7, 69.97, 89.81, 41.11, 64.88, 75.77, 47.42, 52.92, 63.13, 88.48, 65.19, 55.44, 48.84, 59.46, 51.61, 53.25, 68.6],
  [23.02, 45.88, 69.53, 73.55, 37.48, 33.6, 55.23, 51.43, 35.11, 51.48, 59.93, 59.91, 13.93, 11.4, 19.7, 44.94, 0.0, 6.08, 24.74, 36.35, 25.61, 32.25, 18.03, 38.63, 22.2, 38.33, 36.14, 30.41, 19.92, 93.43, 83.73, 90.2, 110.02, 84.01, 110.77, 95.19, 85.48, 106.04, 92.14, 100.72, 101.6, 106.68, 95.75, 94.26, 89.56, 83.49, 85.38, 91.05, 108.46, 105.48, 76.11, 47.01, 70.66, 44.28, 68.59, 87.21, 65.55, 89.44, 71.47, 87.21, 76.24, 82.71, 62.18, 76.49, 86.98, 36.01, 36.67, 48.76, 89.36, 65.01, 86.27, 91.26, 95.02, 92.46, 87.13, 102.77],
  [19.1, 47.41, 73.6, 77.16, 41.23, 36.77, 59.2, 53.54, 36.72, 53.82, 61.91, 64.5, 17.8, 10.05, 13.89, 44.15, 6.08, 0.0, 27.73, 38.6, 23.26, 34.48, 13.04, 37.85, 26.87, 39.01, 30.68, 32.89, 14.76, 87.37, 77.65, 84.15, 104.0, 78.0, 104.69, 89.27, 79.63, 100.08, 86.21, 94.89, 95.52, 100.6, 89.68, 88.36, 83.73, 77.41, 79.51, 85.09, 102.59, 99.61, 70.18, 41.34, 65.86, 39.45, 62.8, 81.3, 60.42, 83.74, 66.13, 81.15, 70.35, 76.66, 57.45, 70.83, 81.22, 30.0, 30.59, 42.72, 83.29, 59.0, 82.01, 88.84, 91.24, 89.63, 89.27, 105.02],
  [27.31, 67.74, 83.49, 89.19, 54.78, 52.89, 70.33, 72.03, 57.31, 71.57, 80.52, 72.01, 11.05, 19.85, 40.0, 28.43, 24.74, 27.73, 0.0, 12.04, 22.36, 8.25, 29.21, 23.32, 9.22, 17.8, 43.66, 6.08, 30.81, 104.36, 95.63, 100.58, 118.88, 93.41, 121.76, 102.59, 92.23, 113.95, 99.82, 106.68, 112.58, 117.64, 107.22, 101.43, 96.03, 94.92, 92.4, 99.25, 114.86, 111.88, 84.4, 66.47, 69.46, 46.27, 75.5, 94.73, 67.0, 94.34, 74.03, 97.72, 83.95, 97.06, 61.2, 81.5, 92.66, 48.88, 52.2, 64.64, 100.24, 75.27, 80.96, 77.23, 86.76, 80.0, 62.51, 78.09],
  [33.24, 79.76, 94.15, 100.18, 66.41, 64.76, 81.39, 83.95, 69.35, 83.43, 92.42, 82.38, 23.0, 29.55, 49.65, 21.84, 36.35, 38.6, 12.04, 0.0, 26.4, 4.12, 37.2, 19.0, 19.7, 10.2, 48.26, 6.0, 38.42, 107.84, 99.76, 103.87, 121.12, 96.38, 125.0, 104.4, 93.96, 115.8, 101.83, 107.71, 115.95, 120.93, 110.92, 103.16, 97.53, 98.84, 94.25, 101.51, 115.95, 113.03, 87.09, 74.81, 68.12, 48.1, 77.83, 96.77, 67.08, 95.13, 74.33, 101.13, 86.38, 102.34, 60.41, 82.71, 93.86, 55.23, 59.41, 71.45, 103.79, 79.18, 77.1, 69.07, 81.27, 72.56, 50.8, 66.49],
  [7.62, 70.66, 94.79, 99.09, 63.03, 59.2, 80.61, 76.66, 59.94, 76.85, 85.09, 84.65, 22.14, 14.21, 28.07, 22.0, 25.61, 23.26, 22.36, 26.4, 0.0, 23.32, 14.04, 16.12, 29.07, 21.1, 21.95, 23.26, 14.32, 82.28, 73.82, 78.43, 96.54, 71.17, 99.62, 80.23, 69.87, 91.59, 77.47, 84.38, 90.48, 95.52, 85.23, 79.08, 73.68, 73.01, 70.04, 76.9, 92.54, 89.56, 62.1, 49.74, 48.51, 24.02, 53.15, 72.37, 45.18, 72.11, 52.04, 75.61, 61.61, 76.01, 40.02, 59.21, 70.35, 29.0, 33.6, 45.28, 78.19, 53.31, 62.18, 65.73, 70.0, 66.84, 72.5, 88.24],
  [29.83, 75.95, 91.27, 97.13, 62.97, 61.13, 78.29, 80.28, 65.49, 79.81, 88.77, 79.63, 19.03, 25.5, 45.65, 22.36, 32.25, 34.48, 8.25, 4.12, 23.32, 0.0, 33.42, 18.44, 16.64, 10.82, 45.28, 2.24, 34.71, 105.31, 97.05, 101.39, 118.96, 93.98, 122.56, 102.36, 91.92, 113.76, 99.72, 105.91, 113.46, 118.47, 108.34, 101.14, 95.57, 96.18, 92.18, 99.33, 114.14, 111.2, 84.76, 71.06, 67.0, 45.88, 75.58, 94.64, 65.49, 93.38, 72.69, 98.62, 84.12, 99.32, 59.08, 80.81, 91.98, 51.86, 55.87, 68.01, 101.24, 76.49, 76.9, 70.6, 81.71, 73.78, 54.92, 70.61],
  [7.28, 59.08, 86.61, 90.03, 54.2, 49.58, 72.2, 65.6, 48.6, 66.07, 73.82, 77.52, 23.09, 10.44, 14.04, 36.01, 18.03, 13.04, 29.21, 37.2, 14.04, 33.42, 0.0, 30.15, 32.31, 34.18, 18.25, 32.56, 2.0, 77.47, 68.15, 73.98, 93.34, 67.36, 94.92, 78.0, 68.07, 89.05, 75.01, 83.22, 85.7, 90.8, 80.05, 77.01, 72.11, 67.68, 68.03, 74.06, 91.09, 88.09, 59.03, 37.64, 52.84, 26.42, 51.09, 70.0, 47.54, 71.7, 53.45, 71.02, 59.0, 68.54, 44.42, 58.69, 69.35, 20.25, 23.02, 35.51, 73.35, 48.51, 69.03, 77.37, 78.49, 77.7, 85.8, 101.59],
  [23.54, 84.5, 105.12, 110.21, 74.63, 71.59, 91.4, 89.96, 73.74, 89.9, 98.49, 94.11, 29.83, 27.89, 44.18, 6.32, 38.63, 37.85, 23.32, 19.0, 16.12, 18.44, 30.15, 0.0, 32.45, 9.22, 34.21, 19.92, 30.41, 90.92, 83.49, 86.83, 103.25, 79.18, 107.78, 86.38, 75.96, 97.74, 83.93, 89.29, 98.88, 103.77, 94.15, 85.09, 79.38, 82.38, 76.32, 83.77, 97.53, 94.64, 69.77, 64.88, 49.16, 31.06, 60.37, 78.92, 48.51, 76.66, 55.79, 84.22, 68.88, 87.21, 41.59, 64.51, 75.58, 43.05, 48.3, 59.08, 86.95, 63.01, 58.46, 54.45, 63.56, 56.85, 57.31, 72.9],
  [32.39, 61.07, 74.63, 80.53, 46.84, 45.54, 61.72, 64.78, 51.01, 64.13, 73.16, 63.01, 9.43, 21.93, 40.46, 37.64, 22.2, 26.87, 9.22, 19.7, 29.07, 16.64, 32.31, 32.45, 0.0, 26.91, 48.84, 14.42, 34.18, 109.38, 100.28, 105.76, 124.62, 98.84, 126.85, 108.66, 98.41, 119.94, 105.8, 113.16, 117.63, 122.72, 112.09, 107.56, 102.31, 99.72, 98.51, 105.08, 121.26, 118.27, 90.09, 67.8, 77.28, 53.01, 81.5, 100.72, 74.24, 101.02, 81.1, 102.84, 89.81, 100.85, 68.88, 88.05, 99.13, 52.55, 55.01, 67.54, 105.26, 80.28, 89.54, 86.45, 95.71, 89.2, 68.01, 83.22],
  [28.65, 83.68, 101.26, 106.85, 72.01, 69.64, 87.98, 88.54, 73.01, 88.26, 97.08, 89.81, 26.93, 29.07, 47.8, 11.7, 38.33, 39.01, 17.8, 10.2, 21.1, 10.82, 34.18, 9.22, 26.91, 0.0, 41.73, 12.81, 34.93, 99.76, 92.11, 95.71, 112.36, 88.1, 116.73, 95.52, 85.09, 106.89, 93.05, 98.49, 107.78, 112.7, 102.96, 94.24, 88.54, 91.07, 85.44, 92.85, 106.74, 103.85, 78.72, 70.83, 58.31, 39.82, 69.35, 88.02, 57.72, 85.87, 65.0, 93.06, 77.88, 95.43, 50.8, 73.68, 84.77, 49.82, 54.64, 66.07, 95.77, 71.56, 66.91, 59.82, 71.17, 62.97, 51.62, 67.42],
  [16.49, 72.84, 103.25, 106.02, 70.83, 65.73, 88.84, 79.93, 63.03, 80.72, 87.69, 94.81, 40.2, 28.0, 24.04, 38.08, 36.14, 30.68, 43.66, 48.26, 21.95, 45.28, 18.25, 34.21, 48.84, 41.73, 0.0, 45.18, 16.28, 60.73, 52.0, 57.01, 75.8, 50.01, 78.16, 60.07, 50.0, 71.25, 57.14, 65.07, 68.96, 74.04, 63.57, 59.03, 54.01, 51.26, 50.01, 56.32, 73.01, 70.01, 41.3, 32.56, 36.24, 11.18, 33.0, 52.09, 30.02, 53.46, 35.47, 54.12, 41.11, 54.08, 28.28, 40.45, 51.16, 10.05, 16.03, 25.06, 56.61, 31.62, 53.81, 68.15, 64.64, 67.07, 91.27, 106.68],
  [29.41, 73.82, 89.04, 94.89, 60.75, 58.94, 76.06, 78.1, 63.39, 77.62, 86.59, 77.42, 17.0, 24.19, 44.42, 24.19, 30.41, 32.89, 6.08, 6.0, 23.26, 2.24, 32.56, 19.92, 14.42, 12.81, 45.18, 0.0, 33.94, 105.48, 97.08, 101.59, 119.37, 94.24, 122.78, 102.84, 92.42, 114.24, 100.17, 106.53, 113.65, 118.68, 108.46, 101.64, 96.1, 96.25, 92.65, 99.72, 114.76, 111.8, 85.07, 70.18, 68.03, 46.32, 75.96, 95.08, 66.27, 94.05, 73.44, 98.79, 84.48, 99.13, 60.01, 81.39, 92.57, 51.4, 55.23, 67.48, 101.39, 76.56, 78.34, 72.62, 83.38, 75.72, 56.72, 72.37],
  [7.0, 60.22, 88.23, 91.55, 55.8, 51.09, 73.82, 66.84, 49.82, 67.36, 75.0, 79.26, 25.0, 12.37, 14.04, 36.12, 19.92, 14.76, 30.81, 38.42, 14.32, 34.71, 2.0, 30.41, 34.18, 34.93, 16.28, 33.94, 0.0, 75.5, 66.22, 72.01, 91.35, 65.38, 92.96, 76.0, 66.07, 87.05, 73.01, 81.22, 83.74, 88.84, 78.1, 75.01, 70.11, 65.73, 66.03, 72.06, 89.09, 86.09, 57.04, 36.4, 51.11, 24.7, 49.09, 68.0, 45.69, 69.72, 51.55, 69.05, 57.0, 66.71, 42.72, 56.72, 67.36, 18.38, 21.4, 33.84, 71.39, 46.53, 67.48, 76.49, 77.1, 76.66, 86.54, 102.32],
  [77.2, 114.18, 150.37, 150.57, 120.35, 114.42, 136.89, 121.76, 107.71, 123.37, 127.22, 145.0, 100.44, 87.86, 75.01, 92.36, 93.43, 87.37, 104.36, 107.84, 82.28, 105.31, 77.47, 90.92, 109.38, 99.76, 60.73, 105.48, 75.5, 0.0, 10.2, 4.24, 18.38, 12.04, 17.46, 15.13, 19.7, 17.69, 14.04, 22.14, 8.25, 13.34, 3.61, 16.03, 19.42, 10.0, 18.79, 12.17, 24.21, 22.47, 21.4, 53.85, 50.8, 59.94, 30.81, 16.16, 45.97, 25.5, 39.82, 6.71, 22.67, 17.69, 53.74, 30.0, 23.09, 57.56, 57.04, 46.17, 4.12, 29.12, 62.03, 93.47, 74.04, 88.24, 143.09, 156.98],
  [68.35, 104.04, 140.19, 140.43, 110.17, 104.24, 126.7, 111.63, 97.51, 113.23, 117.18, 134.81, 91.21, 78.59, 65.07, 85.43, 83.73, 77.65, 95.63, 99.76, 73.82, 97.05, 68.15, 83.49, 100.28, 92.11, 52.0, 97.08, 66.22, 10.2, 0.0, 8.6, 28.46, 10.05, 27.07, 20.81, 20.1, 26.93, 18.36, 28.6, 18.0, 23.02, 12.04, 21.1, 21.84, 2.0, 19.1, 16.12, 32.65, 30.41, 16.55, 43.68, 47.42, 52.43, 25.0, 17.46, 41.34, 27.46, 36.25, 6.4, 18.38, 10.44, 48.83, 27.2, 24.19, 48.05, 47.17, 36.06, 6.71, 20.59, 61.19, 91.42, 73.82, 86.68, 137.18, 151.49],
  [73.5, 112.27, 148.22, 148.63, 117.89, 111.99, 134.62, 119.87, 105.51, 121.43, 125.54, 142.58, 96.88, 84.34, 72.03, 88.2, 90.2, 84.15, 100.58, 103.87, 78.43, 101.39, 73.98, 86.83, 105.76, 95.71, 57.01, 101.59, 72.01, 4.24, 8.6, 0.0, 20.4, 7.81, 21.19, 13.0, 15.81, 18.36, 11.18, 20.59, 12.08, 17.09, 7.81, 13.6, 16.03, 7.62, 14.87, 9.06, 24.08, 21.93, 17.2, 51.87, 46.62, 55.9, 26.63, 12.37, 41.73, 22.09, 35.61, 3.0, 18.44, 18.03, 49.5, 25.81, 19.42, 54.23, 54.01, 43.57, 2.24, 25.5, 58.19, 89.47, 70.34, 84.31, 138.85, 152.74],
  [92.23, 132.5, 168.58, 168.88, 138.28, 132.38, 155.0, 140.09, 125.88, 141.68, 145.6, 162.98, 115.97, 103.59, 92.2, 103.79, 110.02, 104.0, 118.88, 121.12, 96.54, 118.96, 93.34, 103.25, 124.62, 112.36, 75.8, 119.37, 91.35, 18.38, 28.46, 20.4, 0.0, 26.02, 11.0, 17.0, 27.31, 6.4, 19.31, 17.2, 12.73, 10.77, 18.03, 18.36, 24.19, 27.89, 26.93, 19.65, 12.17, 13.0, 34.53, 72.12, 58.01, 73.08, 43.42, 24.35, 55.47, 28.43, 48.37, 23.35, 34.93, 35.51, 63.13, 38.91, 28.3, 74.01, 74.17, 63.95, 21.84, 45.01, 64.2, 96.4, 74.43, 90.44, 152.05, 165.08],
  [66.49, 108.46, 143.89, 144.67, 113.03, 107.2, 130.08, 116.08, 101.19, 117.55, 122.1, 137.77, 90.09, 77.65, 66.37, 80.45, 84.01, 78.0, 93.41, 96.38, 71.17, 93.98, 67.36, 79.18, 98.84, 88.1, 50.01, 94.24, 65.38, 12.04, 10.05, 7.81, 26.02, 0.0, 28.64, 13.04, 10.05, 22.36, 10.0, 20.62, 19.72, 24.6, 15.56, 12.81, 12.08, 8.06, 9.06, 8.06, 26.4, 23.71, 9.43, 48.3, 39.12, 48.33, 18.87, 7.62, 33.97, 17.46, 28.02, 5.83, 10.63, 20.4, 41.73, 18.36, 14.14, 48.0, 48.37, 38.9, 8.6, 19.0, 51.66, 82.46, 64.13, 77.49, 131.05, 144.96],
  [94.64, 129.52, 166.11, 165.89, 136.72, 130.75, 152.9, 137.03, 123.63, 138.74, 142.05, 161.25, 117.9, 105.32, 92.14, 108.91, 110.77, 104.69, 121.76, 125.0, 99.62, 122.56, 94.92, 107.78, 126.85, 116.73, 78.16, 122.78, 92.96, 17.46, 27.07, 21.19, 11.0, 28.64, 0.0, 24.21, 33.3, 16.49, 25.46, 26.93, 9.22, 4.12, 15.03, 25.61, 31.14, 27.29, 32.65, 24.84, 23.09, 23.54, 38.01, 69.72, 65.07, 76.97, 47.41, 29.83, 61.4, 36.4, 54.67, 24.04, 38.95, 31.05, 69.2, 44.82, 35.38, 74.97, 74.24, 63.0, 21.59, 46.57, 73.25, 105.39, 84.08, 99.64, 158.67, 172.15],
  [76.32, 121.33, 156.54, 157.47, 125.42, 119.64, 142.64, 128.95, 113.89, 130.39, 135.06, 150.15, 100.24, 88.05, 78.26, 86.82, 95.19, 89.27, 102.59, 104.4, 80.23, 102.36, 78.0, 86.38, 108.66, 95.52, 60.07, 102.84, 76.0, 15.13, 20.81, 13.0, 17.0, 13.04, 24.21, 0.0, 10.44, 11.4, 3.16, 7.81, 18.03, 21.1, 18.0, 1.41, 7.21, 19.21, 10.2, 5.0, 13.6, 10.77, 19.1, 61.29, 41.23, 56.52, 27.17, 8.0, 38.47, 12.21, 31.38, 14.42, 19.0, 30.89, 46.14, 21.93, 11.4, 59.41, 60.42, 51.62, 15.23, 30.81, 49.24, 81.3, 60.54, 75.66, 135.21, 148.39],
  [66.12, 113.6, 148.19, 149.47, 116.69, 111.0, 134.13, 121.2, 105.7, 122.54, 127.63, 141.38, 90.09, 78.0, 69.12, 76.49, 85.48, 79.63, 92.23, 93.96, 69.87, 91.92, 68.07, 75.96, 98.41, 85.09, 50.0, 92.42, 66.07, 19.7, 20.1, 15.81, 27.31, 10.05, 33.3, 10.44, 0.0, 21.84, 8.06, 15.3, 25.61, 29.7, 23.26, 9.22, 4.12, 18.11, 1.0, 8.49, 23.02, 20.02, 10.3, 54.41, 31.83, 46.1, 17.0, 3.61, 28.3, 7.62, 21.4, 15.13, 9.49, 30.41, 36.06, 11.66, 4.12, 50.01, 51.55, 43.91, 17.46, 22.36, 42.38, 73.79, 54.57, 68.54, 125.42, 138.85],
  [87.57, 130.38, 166.09, 166.69, 135.37, 129.52, 152.35, 137.99, 123.37, 139.52, 143.78, 160.1, 111.45, 99.18, 88.68, 98.09, 106.04, 100.08, 113.95, 115.8, 91.59, 113.76, 89.05, 97.74, 119.94, 106.89, 71.25, 114.24, 87.05, 17.69, 26.93, 18.36, 6.4, 22.36, 16.49, 11.4, 21.84, 0.0, 14.14, 10.82, 14.87, 15.0, 18.6, 12.65, 18.38, 25.94, 21.59, 15.0, 7.28, 7.07, 30.02, 70.01, 51.87, 67.91, 38.47, 19.24, 49.66, 22.2, 42.49, 21.02, 30.15, 35.38, 57.25, 33.24, 22.36, 70.11, 70.71, 61.13, 20.25, 41.19, 57.8, 90.0, 68.1, 84.05, 145.91, 158.84],
  [73.44, 118.19, 153.38, 154.31, 122.26, 116.48, 139.47, 125.8, 110.72, 127.24, 131.93, 147.0, 97.33, 85.09, 75.13, 84.53, 92.14, 86.21, 99.82, 101.83, 77.47, 99.72, 75.01, 83.93, 105.8, 93.05, 57.14, 100.17, 73.01, 14.04, 18.36, 11.18, 19.31, 10.0, 25.46, 3.16, 8.06, 14.14, 0.0, 10.63, 18.36, 22.02, 17.26, 2.83, 5.83, 16.64, 7.62, 2.24, 16.76, 13.93, 16.03, 58.18, 39.62, 53.85, 24.33, 5.1, 36.36, 11.7, 29.41, 12.08, 16.03, 28.64, 44.1, 19.72, 10.0, 56.32, 57.27, 48.47, 13.34, 27.66, 48.75, 80.62, 60.41, 75.13, 133.41, 146.75],
  [81.01, 128.38, 163.27, 164.4, 131.9, 126.18, 149.27, 135.99, 120.7, 137.38, 142.24, 156.6, 105.0, 93.05, 84.4, 89.2, 100.72, 94.89, 106.68, 107.71, 84.38, 105.91, 83.22, 89.29, 113.16, 98.49, 65.07, 106.53, 81.22, 22.14, 28.6, 20.59, 17.2, 20.62, 26.93, 7.81, 15.3, 10.82, 10.63, 0.0, 23.02, 24.74, 24.52, 7.81, 11.18, 27.02, 15.52, 12.73, 8.25, 5.39, 25.3, 68.6, 42.06, 60.41, 32.14, 14.32, 40.8, 12.65, 33.53, 22.2, 24.74, 38.59, 48.1, 25.18, 14.04, 65.31, 66.76, 58.6, 22.83, 37.34, 47.01, 79.2, 57.31, 73.24, 135.91, 148.6],
  [85.44, 121.3, 157.71, 157.7, 128.0, 122.05, 144.36, 128.84, 115.12, 130.51, 134.08, 152.59, 108.68, 96.1, 83.05, 100.17, 101.6, 95.52, 112.58, 115.95, 90.48, 113.46, 85.7, 98.88, 117.63, 107.78, 68.96, 113.65, 83.74, 8.25, 18.0, 12.08, 12.73, 19.72, 9.22, 18.03, 25.61, 14.87, 18.36, 23.02, 0.0, 5.1, 6.08, 19.31, 24.19, 18.11, 24.84, 17.2, 22.14, 21.38, 29.15, 61.19, 57.38, 67.98, 38.59, 22.02, 53.15, 29.97, 46.67, 14.87, 30.23, 23.26, 60.96, 36.77, 28.3, 65.76, 65.12, 54.04, 12.37, 37.36, 67.08, 98.98, 78.55, 93.48, 150.45, 164.15],
  [90.52, 125.88, 162.39, 162.27, 132.85, 126.89, 149.11, 133.41, 119.85, 135.09, 138.52, 157.41, 113.78, 101.2, 88.09, 104.96, 106.68, 100.6, 117.64, 120.93, 95.52, 118.47, 90.8, 103.77, 122.72, 112.7, 74.04, 118.68, 88.84, 13.34, 23.02, 17.09, 10.77, 24.6, 4.12, 21.1, 29.7, 15.0, 22.02, 24.74, 5.1, 0.0, 11.0, 22.47, 27.8, 23.19, 29.0, 21.21, 22.09, 22.02, 34.0, 65.92, 61.52, 72.92, 43.42, 26.17, 57.63, 33.29, 50.99, 19.92, 34.99, 27.51, 65.44, 41.11, 32.02, 70.86, 70.18, 59.01, 17.46, 42.45, 70.33, 102.4, 81.44, 96.75, 154.93, 168.51],
  [80.01, 115.25, 151.63, 151.65, 121.93, 115.97, 138.28, 122.8, 109.04, 124.45, 128.08, 146.51, 103.08, 90.47, 77.1, 95.69, 95.75, 89.68, 107.22, 110.92, 85.23, 108.34, 80.05, 94.15, 112.09, 102.96, 63.57, 108.46, 78.1, 3.61, 12.04, 7.81, 18.03, 15.56, 15.03, 18.0, 23.26, 18.6, 17.26, 24.52, 6.08, 11.0, 0.0, 19.03, 22.8, 12.37, 22.36, 15.52, 25.55, 24.17, 24.84, 55.11, 54.41, 63.13, 34.21, 19.7, 49.52, 28.86, 43.42, 10.0, 26.17, 17.49, 57.28, 33.6, 26.57, 60.02, 59.21, 48.01, 7.21, 31.95, 65.55, 97.05, 77.49, 91.79, 146.58, 160.51],
  [75.24, 120.83, 155.93, 156.92, 124.72, 118.96, 141.99, 128.44, 113.3, 129.87, 134.61, 149.45, 99.18, 87.02, 77.47, 85.49, 94.26, 88.36, 101.43, 103.16, 79.08, 101.14, 77.01, 85.09, 107.56, 94.24, 59.03, 101.64, 75.01, 16.03, 21.1, 13.6, 18.36, 12.81, 25.61, 1.41, 9.22, 12.65, 2.83, 7.81, 19.31, 22.47, 19.03, 0.0, 5.83, 19.42, 9.06, 5.0, 14.32, 11.4, 18.25, 60.9, 39.82, 55.32, 26.08, 7.07, 37.12, 10.82, 30.02, 14.76, 18.03, 31.3, 44.78, 20.62, 10.0, 58.55, 59.67, 51.08, 15.81, 30.08, 47.89, 79.92, 59.24, 74.3, 133.81, 146.99],
  [70.06, 117.62, 152.28, 153.52, 120.81, 115.11, 138.24, 125.22, 109.77, 126.57, 131.61, 145.5, 94.05, 82.01, 73.25, 79.71, 89.56, 83.73, 96.03, 97.53, 73.68, 95.57, 72.11, 79.38, 102.31, 88.54, 54.01, 96.1, 70.11, 19.42, 21.84, 16.03, 24.19, 12.08, 31.14, 7.21, 4.12, 18.38, 5.83, 11.18, 24.19, 27.8, 22.8, 5.83, 0.0, 19.92, 4.47, 7.28, 19.0, 16.0, 14.32, 58.25, 34.06, 49.82, 21.02, 4.47, 31.3, 6.08, 24.19, 16.12, 13.6, 32.28, 38.95, 14.87, 4.24, 54.13, 55.66, 47.89, 18.0, 26.4, 42.95, 74.79, 54.71, 69.32, 128.0, 141.23],
  [67.68, 104.68, 140.68, 141.04, 110.48, 104.56, 127.12, 112.27, 97.98, 113.84, 117.92, 135.15, 90.71, 78.1, 65.01, 84.2, 83.49, 77.41, 94.92, 98.84, 73.01, 96.18, 67.68, 82.38, 99.72, 91.07, 51.26, 96.25, 65.73, 10.0, 2.0, 7.62, 27.89, 8.06, 27.29, 19.21, 18.11, 25.94, 16.64, 27.02, 18.11, 23.19, 12.37, 19.42, 19.92, 0.0, 17.12, 14.42, 31.4, 29.07, 14.76, 44.27, 45.62, 51.31, 23.43, 15.52, 39.66, 25.5, 34.44, 5.0, 16.55, 12.37, 47.2, 25.3, 22.2, 47.68, 47.04, 36.22, 6.08, 19.7, 59.23, 89.54, 71.85, 84.77, 135.77, 150.01],
  [66.19, 113.15, 147.83, 149.05, 116.39, 110.68, 133.79, 120.75, 105.31, 122.1, 127.14, 141.09, 90.14, 78.01, 68.88, 76.92, 85.38, 79.51, 92.4, 94.25, 70.04, 92.18, 68.03, 76.32, 98.51, 85.44, 50.01, 92.65, 66.03, 18.79, 19.1, 14.87, 26.93, 9.06, 32.65, 10.2, 1.0, 21.59, 7.62, 15.52, 24.84, 29.0, 22.36, 9.06, 4.47, 17.12, 0.0, 7.81, 23.09, 20.1, 9.85, 53.82, 32.56, 46.32, 17.03, 2.83, 28.84, 8.54, 22.02, 14.14, 9.22, 29.43, 36.62, 12.21, 5.1, 49.82, 51.24, 43.42, 16.49, 21.93, 43.32, 74.69, 55.54, 69.46, 126.04, 139.52],
  [72.69, 116.47, 151.79, 152.64, 120.78, 114.98, 137.93, 124.08, 109.11, 125.54, 130.15, 145.52, 96.52, 84.21, 73.82, 84.53, 91.05, 85.09, 99.25, 101.51, 76.9, 99.33, 74.06, 83.77, 105.08, 92.85, 56.32, 99.72, 72.06, 12.17, 16.12, 9.06, 19.65, 8.06, 24.84, 5.0, 8.49, 15.0, 2.24, 12.73, 17.2, 21.21, 15.52, 5.0, 7.28, 14.42, 7.81, 0.0, 18.38, 15.65, 15.03, 56.36, 40.31, 53.45, 23.77, 5.0, 36.62, 13.34, 29.83, 9.85, 15.3, 26.4, 44.41, 20.0, 11.18, 55.15, 55.9, 46.82, 11.18, 26.31, 50.16, 81.88, 61.98, 76.49, 133.84, 147.32],
  [89.05, 134.85, 170.14, 171.03, 139.01, 133.24, 156.24, 142.47, 127.47, 143.92, 148.5, 163.75, 113.04, 101.0, 91.78, 97.41, 108.46, 102.59, 114.86, 115.95, 92.54, 114.14, 91.09, 97.53, 121.26, 106.74, 73.01, 114.76, 89.09, 24.21, 32.65, 24.08, 12.17, 26.4, 23.09, 13.6, 23.02, 7.28, 16.76, 8.25, 22.14, 22.09, 25.55, 14.32, 19.0, 31.4, 23.09, 18.38, 0.0, 3.0, 32.56, 74.69, 50.09, 68.59, 40.01, 21.38, 49.04, 20.88, 41.76, 26.4, 32.25, 41.77, 56.3, 33.38, 22.2, 72.84, 73.98, 65.19, 26.17, 44.38, 53.76, 85.8, 63.25, 79.65, 143.74, 156.24],
  [86.05, 132.1, 167.3, 168.24, 136.12, 130.36, 153.38, 139.71, 124.65, 141.16, 145.8, 160.85, 110.04, 98.01, 88.84, 94.58, 105.48, 99.61, 111.88, 113.03, 89.56, 111.2, 88.09, 94.64, 118.27, 103.85, 70.01, 111.8, 86.09, 22.47, 30.41, 21.93, 13.0, 23.71, 23.54, 10.77, 20.02, 7.07, 13.93, 5.39, 21.38, 22.02, 24.17, 11.4, 16.0, 29.07, 20.1, 15.65, 3.0, 0.0, 29.61, 72.01, 47.41, 65.62, 37.01, 18.44, 46.17, 18.03, 38.9, 24.08, 29.27, 39.82, 53.49, 30.41, 19.24, 69.87, 71.06, 62.39, 24.08, 41.48, 51.74, 83.87, 61.59, 77.8, 141.2, 153.81],
  [57.71, 103.31, 137.99, 139.2, 106.61, 100.88, 123.98, 110.91, 95.46, 112.26, 117.34, 131.32, 81.5, 69.18, 59.23, 71.02, 76.11, 70.18, 84.4, 87.09, 62.1, 84.76, 59.03, 69.77, 90.09, 78.72, 41.3, 85.07, 57.04, 21.4, 16.55, 17.2, 34.53, 9.43, 38.01, 19.1, 10.3, 30.02, 16.03, 25.3, 29.15, 34.0, 24.84, 18.25, 14.32, 14.76, 9.85, 15.03, 32.56, 29.61, 0.0, 44.2, 30.87, 39.0, 9.43, 11.18, 25.0, 16.97, 19.7, 14.87, 2.0, 25.32, 32.65, 11.05, 13.45, 40.31, 41.48, 33.62, 17.69, 12.08, 45.28, 74.95, 58.14, 70.34, 121.75, 135.77],
  [42.19, 60.41, 96.54, 96.77, 67.12, 61.13, 83.19, 68.01, 53.94, 69.57, 73.82, 91.55, 58.41, 46.69, 27.46, 69.64, 47.01, 41.34, 66.47, 74.81, 49.74, 71.06, 37.64, 64.88, 67.8, 70.83, 32.56, 70.18, 36.4, 53.85, 43.68, 51.87, 72.12, 48.3, 69.72, 61.29, 54.41, 70.01, 58.18, 68.6, 61.19, 65.92, 55.11, 60.9, 58.25, 44.27, 53.82, 56.36, 74.69, 72.01, 44.2, 0.0, 59.24, 42.01, 41.87, 54.38, 51.08, 61.07, 52.48, 49.04, 45.45, 39.05, 53.85, 50.99, 57.63, 22.56, 16.76, 11.66, 50.29, 32.56, 78.0, 98.62, 90.48, 96.51, 122.09, 137.75],
  [47.93, 108.93, 139.23, 142.2, 106.78, 101.83, 124.81, 116.1, 99.25, 116.93, 123.76, 130.36, 70.6, 60.54, 60.21, 48.05, 70.66, 65.86, 69.46, 68.12, 48.51, 67.0, 52.84, 49.16, 77.28, 58.31, 36.24, 68.03, 51.11, 50.8, 47.42, 46.62, 58.01, 39.12, 65.07, 41.23, 31.83, 51.87, 39.62, 42.06, 57.38, 61.52, 54.41, 39.82, 34.06, 45.62, 32.56, 40.31, 50.09, 47.41, 30.87, 59.24, 0.0, 26.42, 23.54, 35.38, 8.25, 29.68, 11.18, 44.94, 29.07, 55.66, 8.54, 20.81, 29.83, 42.64, 47.43, 47.76, 47.71, 33.06, 18.79, 44.38, 31.32, 40.31, 94.05, 107.17],
  [21.84, 83.55, 112.89, 116.04, 80.45, 75.6, 98.47, 90.52, 73.54, 91.22, 98.41, 103.94, 45.4, 34.48, 34.83, 33.24, 44.28, 39.45, 46.27, 48.1, 24.02, 45.88, 26.42, 31.06, 53.01, 39.82, 11.18, 46.32, 24.7, 59.94, 52.43, 55.9, 73.08, 48.33, 76.97, 56.52, 46.1, 67.91, 53.85, 60.41, 67.98, 72.92, 63.13, 55.32, 49.82, 51.31, 46.32, 53.45, 68.59, 65.62, 39.0, 42.01, 26.42, 0.0, 29.73, 48.76, 21.59, 48.09, 28.16, 53.24, 38.28, 56.57, 18.03, 35.23, 46.39, 20.4, 26.31, 32.76, 55.95, 32.02, 43.14, 57.27, 53.6, 55.97, 86.05, 101.02],
  [49.16, 98.79, 132.5, 134.18, 100.66, 95.08, 118.31, 106.33, 90.35, 107.54, 113.16, 125.25, 73.11, 61.0, 52.81, 61.59, 68.59, 62.8, 75.5, 77.83, 53.15, 75.58, 51.09, 60.37, 81.5, 69.35, 33.0, 75.96, 49.09, 30.81, 25.0, 26.63, 43.42, 18.87, 47.41, 27.17, 17.0, 38.47, 24.33, 32.14, 38.59, 43.42, 34.21, 26.08, 21.02, 23.43, 17.03, 23.77, 40.01, 37.01, 9.43, 41.87, 23.54, 29.73, 0.0, 19.24, 16.55, 21.19, 13.0, 24.21, 8.54, 32.31, 23.85, 9.22, 18.44, 33.53, 35.78, 30.41, 27.02, 10.44, 40.11, 67.91, 53.15, 63.79, 112.49, 126.62],
  [68.36, 114.06, 149.0, 150.08, 117.72, 111.97, 135.03, 121.67, 106.4, 123.07, 127.94, 142.44, 92.27, 80.06, 70.41, 79.61, 87.21, 81.3, 94.73, 96.77, 72.37, 94.64, 70.0, 78.92, 100.72, 88.02, 52.09, 95.08, 68.0, 16.16, 17.46, 12.37, 24.35, 7.62, 29.83, 8.0, 3.61, 19.24, 5.1, 14.32, 22.02, 26.17, 19.7, 7.07, 4.47, 15.52, 2.83, 5.0, 21.38, 18.44, 11.18, 54.38, 35.38, 48.76, 19.24, 0.0, 31.62, 10.05, 24.84, 12.0, 11.0, 27.89, 39.41, 15.0, 7.07, 51.48, 52.63, 44.28, 14.14, 23.09, 45.88, 77.37, 57.97, 72.09, 128.84, 142.34],
  [43.42, 102.07, 133.26, 135.92, 100.85, 95.72, 118.85, 109.34, 92.62, 110.26, 116.85, 124.78, 66.91, 56.04, 53.6, 48.47, 65.55, 60.42, 67.0, 67.08, 45.18, 65.49, 47.54, 48.51, 74.24, 57.72, 30.02, 66.27, 45.69, 45.97, 41.34, 41.73, 55.47, 33.97, 61.4, 38.47, 28.3, 49.66, 36.36, 40.8, 53.15, 57.63, 49.52, 37.12, 31.3, 39.66, 28.84, 36.62, 49.04, 46.17, 25.0, 51.08, 8.25, 21.59, 16.55, 31.62, 0.0, 28.16, 7.28, 39.7, 23.43, 48.85, 7.81, 16.64, 27.31, 35.36, 39.82, 39.56, 42.52, 25.32, 26.93, 51.79, 39.56, 48.09, 97.31, 111.04],
  [69.07, 119.57, 153.63, 155.18, 121.84, 116.25, 139.46, 127.14, 111.36, 128.41, 133.78, 146.44, 93.05, 81.3, 74.0, 76.55, 89.44, 83.74, 94.34, 95.13, 72.11, 93.38, 71.7, 76.66, 101.02, 85.87, 53.46, 94.05, 69.72, 25.5, 27.46, 22.09, 28.43, 17.46, 36.4, 12.21, 7.62, 22.2, 11.7, 12.65, 29.97, 33.29, 28.86, 10.82, 6.08, 25.5, 8.54, 13.34, 20.88, 18.03, 16.97, 61.07, 29.68, 48.09, 21.19, 10.05, 28.16, 0.0, 20.88, 22.02, 15.62, 37.85, 35.47, 13.04, 3.61, 54.71, 56.86, 50.22, 24.02, 28.6, 37.12, 69.12, 48.7, 63.53, 123.71, 136.65],
  [49.82, 106.21, 138.31, 140.66, 106.0, 100.72, 123.94, 113.6, 97.08, 114.62, 120.88, 130.19, 73.55, 62.37, 58.31, 55.71, 71.47, 66.13, 74.03, 74.33, 52.04, 72.69, 53.45, 55.79, 81.1, 65.0, 35.47, 73.44, 51.55, 39.82, 36.25, 35.61, 48.37, 28.02, 54.67, 31.38, 21.4, 42.49, 29.41, 33.53, 46.67, 50.99, 43.42, 30.02, 24.19, 34.44, 22.02, 29.83, 41.76, 38.9, 19.7, 52.48, 11.18, 28.16, 13.0, 24.84, 7.28, 20.88, 0.0, 33.84, 17.89, 44.64, 14.76, 9.9, 20.12, 39.41, 43.19, 40.82, 36.62, 23.19, 27.17, 55.36, 40.2, 50.99, 104.02, 117.52],
  [70.6, 109.44, 145.33, 145.78, 114.93, 109.04, 131.7, 117.05, 102.62, 118.6, 122.77, 139.64, 93.94, 81.39, 69.03, 85.7, 87.21, 81.15, 97.72, 101.13, 75.61, 98.62, 71.02, 84.22, 102.84, 93.06, 54.12, 98.79, 69.05, 6.71, 6.4, 3.0, 23.35, 5.83, 24.04, 14.42, 15.13, 21.02, 12.08, 22.2, 14.87, 19.92, 10.0, 14.76, 16.12, 5.0, 14.14, 9.85, 26.4, 24.08, 14.87, 49.04, 44.94, 53.24, 24.21, 12.0, 39.7, 22.02, 33.84, 0.0, 16.28, 16.55, 47.42, 24.19, 19.03, 51.24, 51.01, 40.61, 2.83, 22.56, 57.28, 88.24, 69.63, 83.22, 136.62, 150.62],
  [57.43, 104.24, 138.72, 140.04, 107.21, 101.51, 124.65, 111.83, 96.25, 113.15, 118.34, 131.9, 81.3, 69.07, 59.67, 69.97, 76.24, 70.35, 83.95, 86.38, 61.61, 84.12, 59.0, 68.88, 89.81, 77.88, 41.11, 84.48, 57.0, 22.67, 18.38, 18.44, 34.93, 10.63, 38.95, 19.0, 9.49, 30.15, 16.03, 24.74, 30.23, 34.99, 26.17, 18.03, 13.6, 16.55, 9.22, 15.3, 32.25, 29.27, 2.0, 45.45, 29.07, 38.28, 8.54, 11.0, 23.43, 15.62, 17.89, 16.28, 0.0, 27.29, 31.14, 9.06, 12.21, 40.61, 42.06, 34.67, 19.1, 13.04, 43.29, 73.05, 56.14, 68.41, 120.42, 134.35],
  [69.84, 98.49, 135.15, 134.85, 106.17, 100.18, 122.05, 105.99, 92.78, 107.71, 111.02, 130.55, 91.55, 78.92, 63.35, 89.81, 82.71, 76.66, 97.06, 102.34, 76.01, 99.32, 68.54, 87.21, 100.85, 95.43, 54.08, 99.13, 66.71, 17.69, 10.44, 18.03, 35.51, 20.4, 31.05, 30.89, 30.41, 35.38, 28.64, 38.59, 23.26, 27.51, 17.49, 31.3, 32.28, 12.37, 29.43, 26.4, 41.77, 39.82, 25.32, 39.05, 55.66, 56.57, 32.31, 27.89, 48.85, 37.85, 44.64, 16.55, 27.29, 0.0, 55.9, 36.35, 34.53, 48.33, 46.17, 33.96, 15.81, 25.0, 70.58, 100.0, 83.38, 95.57, 142.43, 157.11],
  [39.4, 101.12, 130.92, 134.01, 98.47, 93.6, 116.5, 108.21, 91.29, 108.98, 115.97, 121.94, 62.1, 52.0, 52.33, 41.11, 62.18, 57.45, 61.2, 60.41, 40.02, 59.08, 44.42, 41.59, 68.88, 50.8, 28.28, 60.01, 42.72, 53.74, 48.83, 49.5, 63.13, 41.73, 69.2, 46.14, 36.06, 57.25, 44.1, 48.1, 60.96, 65.44, 57.28, 44.78, 38.95, 47.2, 36.62, 44.41, 56.3, 53.49, 32.65, 53.85, 8.54, 18.03, 23.85, 39.41, 7.81, 35.47, 14.76, 47.42, 31.14, 55.9, 0.0, 24.41, 34.89, 35.51, 40.71, 42.76, 50.25, 31.62, 25.61, 46.1, 37.12, 43.1, 89.5, 103.25],
  [56.04, 107.91, 141.36, 143.18, 109.38, 103.87, 127.12, 115.43, 99.36, 116.62, 122.32, 133.9, 80.02, 68.26, 61.47, 64.88, 76.49, 70.83, 81.5, 82.71, 59.21, 80.81, 58.69, 64.51, 88.05, 73.68, 40.45, 81.39, 56.72, 30.0, 27.2, 25.81, 38.91, 18.36, 44.82, 21.93, 11.66, 33.24, 19.72, 25.18, 36.77, 41.11, 33.6, 20.62, 14.87, 25.3, 12.21, 20.0, 33.38, 30.41, 11.05, 50.99, 20.81, 35.23, 9.22, 15.0, 16.64, 13.04, 9.9, 24.19, 9.06, 36.35, 24.41, 0.0, 11.18, 42.15, 44.78, 39.6, 26.93, 18.87, 34.23, 64.26, 47.1, 59.48, 113.85, 127.4],
  [67.0, 116.36, 150.62, 152.07, 118.93, 113.3, 136.49, 123.94, 108.26, 125.24, 130.51, 143.57, 91.0, 79.1, 71.17, 75.77, 86.98, 81.22, 92.66, 93.86, 70.35, 91.98, 69.35, 75.58, 99.13, 84.77, 51.16, 92.57, 67.36, 23.09, 24.19, 19.42, 28.3, 14.14, 35.38, 11.4, 4.12, 22.36, 10.0, 14.04, 28.3, 32.02, 26.57, 10.0, 4.24, 22.2, 5.1, 11.18, 22.2, 19.24, 13.45, 57.63, 29.83, 46.39, 18.44, 7.07, 27.31, 3.61, 20.12, 19.03, 12.21, 34.53, 34.89, 11.18, 0.0, 51.92, 53.85, 46.87, 21.21, 25.24, 39.0, 70.71, 50.96, 65.31, 123.81, 137.0],
  [22.02, 66.84, 99.28, 101.36, 67.23, 61.74, 85.0, 74.2, 57.69, 75.21, 81.57, 91.76, 43.32, 30.68, 19.31, 47.42, 36.01, 30.0, 48.88, 55.23, 29.0, 51.86, 20.25, 43.05, 52.55, 49.82, 10.05, 51.4, 18.38, 57.56, 48.05, 54.23, 74.01, 48.0, 74.97, 59.41, 50.01, 70.11, 56.32, 65.31, 65.76, 70.86, 60.02, 58.55, 54.13, 47.68, 49.82, 55.15, 72.84, 69.87, 40.31, 22.56, 42.64, 20.4, 33.53, 51.48, 35.36, 54.71, 39.41, 51.24, 40.61, 48.33, 35.51, 42.15, 51.92, 0.0, 6.0, 16.28, 53.46, 29.0, 61.03, 77.67, 72.56, 76.24, 100.34, 115.88],
  [26.25, 63.25, 96.77, 98.41, 65.15, 59.46, 82.64, 70.72, 54.59, 71.87, 77.8, 89.84, 45.62, 33.12, 18.03, 52.92, 36.67, 30.59, 52.2, 59.41, 33.6, 55.87, 23.02, 48.3, 55.01, 54.64, 16.03, 55.23, 21.4, 57.04, 47.17, 54.01, 74.17, 48.37, 74.24, 60.42, 51.55, 70.71, 57.27, 66.76, 65.12, 70.18, 59.21, 59.67, 55.66, 47.04, 51.24, 55.9, 73.98, 71.06, 41.48, 16.76, 47.43, 26.31, 35.78, 52.63, 39.82, 56.86, 43.19, 51.01, 42.06, 46.17, 40.71, 44.78, 53.85, 6.0, 0.0, 12.53, 53.01, 29.61, 66.04, 83.55, 77.83, 82.01, 105.59, 121.2],
  [38.21, 69.78, 105.0, 105.85, 74.33, 68.45, 91.21, 77.39, 62.3, 78.79, 83.73, 99.04, 58.14, 45.65, 29.43, 63.13, 48.76, 42.72, 64.64, 71.45, 45.28, 68.01, 35.51, 59.08, 67.54, 66.07, 25.06, 67.48, 33.84, 46.17, 36.06, 43.57, 63.95, 38.9, 63.0, 51.62, 43.91, 61.13, 48.47, 58.6, 54.04, 59.01, 48.01, 51.08, 47.89, 36.22, 43.42, 46.82, 65.19, 62.39, 33.62, 11.66, 47.76, 32.76, 30.41, 44.28, 39.56, 50.22, 40.82, 40.61, 34.67, 33.96, 42.76, 39.6, 46.87, 16.28, 12.53, 0.0, 42.3, 21.63, 66.48, 88.14, 79.06, 85.71, 116.28, 131.73],
  [73.08, 110.68, 146.74, 147.05, 116.56, 110.64, 133.2, 118.27, 104.05, 119.85, 123.86, 141.23, 96.32, 83.74, 71.0, 88.48, 89.36, 83.29, 100.24, 103.79, 78.19, 101.24, 73.35, 86.95, 105.26, 95.77, 56.61, 101.39, 71.39, 4.12, 6.71, 2.24, 21.84, 8.6, 21.59, 15.23, 17.46, 20.25, 13.34, 22.83, 12.37, 17.46, 7.21, 15.81, 18.0, 6.08, 16.49, 11.18, 26.17, 24.08, 17.69, 50.29, 47.71, 55.95, 27.02, 14.14, 42.52, 24.02, 36.62, 2.83, 19.1, 15.81, 50.25, 26.93, 21.21, 53.46, 53.01, 42.3, 0.0, 25.0, 59.77, 90.87, 72.03, 85.8, 139.45, 153.44],
  [48.08, 91.24, 125.94, 127.12, 94.64, 88.89, 111.95, 98.84, 83.38, 100.18, 105.31, 119.37, 71.39, 58.86, 47.52, 65.19, 65.01, 59.0, 75.27, 79.18, 53.31, 76.49, 48.51, 63.01, 80.28, 71.56, 31.62, 76.56, 46.53, 29.12, 20.59, 25.5, 45.01, 19.0, 46.57, 30.81, 22.36, 41.19, 27.66, 37.34, 37.36, 42.45, 31.95, 30.08, 26.4, 19.7, 21.93, 26.31, 44.38, 41.48, 12.08, 32.56, 33.06, 32.02, 10.44, 23.09, 25.32, 28.6, 23.19, 22.56, 13.04, 25.0, 31.62, 18.87, 25.24, 29.0, 29.61, 21.63, 25.0, 0.0, 50.36, 77.1, 63.39, 73.33, 117.52, 132.14],
  [63.25, 126.62, 155.6, 159.02, 123.23, 118.56, 141.21, 133.65, 116.67, 134.36, 141.48, 146.17, 84.1, 75.47, 77.83, 55.44, 86.27, 82.01, 80.96, 77.1, 62.18, 76.9, 69.03, 58.46, 89.54, 66.91, 53.81, 78.34, 67.48, 62.03, 61.19, 58.19, 64.2, 51.66, 73.25, 49.24, 42.38, 57.8, 48.75, 47.01, 67.08, 70.33, 65.55, 47.89, 42.95, 59.23, 43.32, 50.16, 53.76, 51.74, 45.28, 78.0, 18.79, 43.14, 40.11, 45.88, 26.93, 37.12, 27.17, 57.28, 43.29, 70.58, 25.61, 34.23, 39.0, 61.03, 66.04, 66.48, 59.77, 50.36, 0.0, 32.2, 13.04, 26.42, 92.7, 103.94],
  [70.24, 136.19, 159.45, 164.3, 128.41, 124.85, 145.58, 142.36, 125.54, 142.58, 150.75, 148.55, 84.22, 79.88, 89.69, 48.84, 91.26, 88.84, 77.23, 69.07, 65.73, 70.6, 77.37, 54.45, 86.45, 59.82, 68.15, 72.62, 76.49, 93.47, 91.42, 89.47, 96.4, 82.46, 105.39, 81.3, 73.79, 90.0, 80.62, 79.2, 98.98, 102.4, 97.05, 79.92, 74.79, 89.54, 74.69, 81.88, 85.8, 83.87, 74.95, 98.62, 44.38, 57.27, 67.91, 77.37, 51.79, 69.12, 55.36, 88.24, 73.05, 100.0, 46.1, 64.26, 70.71, 77.67, 83.55, 88.14, 90.87, 77.1, 32.2, 0.0, 23.85, 6.71, 66.91, 75.61],
  [72.18, 137.0, 164.54, 168.39, 132.38, 128.0, 150.23, 143.84, 126.81, 144.42, 151.86, 154.63, 91.27, 83.87, 88.41, 59.46, 95.02, 91.24, 86.76, 81.27, 70.0, 81.71, 78.49, 63.56, 95.71, 71.17, 64.64, 83.38, 77.1, 74.04, 73.82, 70.34, 74.43, 64.13, 84.08, 60.54, 54.57, 68.1, 60.41, 57.31, 78.55, 81.44, 77.49, 59.24, 54.71, 71.85, 55.54, 61.98, 63.25, 61.59, 58.14, 90.48, 31.32, 53.6, 53.15, 57.97, 39.56, 48.7, 40.2, 69.63, 56.14, 83.38, 37.12, 47.1, 50.96, 72.56, 77.83, 79.06, 72.03, 63.39, 13.04, 23.85, 0.0, 17.2, 89.29, 99.01],
